0	38
1	76
2	87
3	101
4	111
5	132
6	136
7	140
8	154
9	158
10	163
11	175
12	179
13	159
14	189
15	169
16	183
17	189
18	193
19	205
20	208
21	211
22	228
23	216
24	209
25	228
26	223
27	234
28	236
29	256
30	259
31	256
32	258
33	263
34	270
35	273
36	274
37	268
38	270
39	276
40	285
41	290
42	293
43	294
44	304
45	306
46	300
47	308
48	299
49	318
50	325
51	326
52	331
53	332
54	341
55	341
56	344
57	352
58	346
59	344
60	347
61	353
62	360
63	363
64	358
65	366
66	369
67	369
68	369
69	376
70	369
71	373
72	378
73	386
74	372
75	379
76	386
77	418
78	423
79	427
80	428
81	434
82	444
83	445
84	456
85	433
86	439
87	442
88	443
89	447
90	452
91	456
92	464
93	468
94	475
95	477
96	476
97	496
98	496
99	494
100	486
101	494
102	499
103	501
104	501
105	503
106	511
107	524
108	528
109	535
110	542
111	533
112	532
113	544
114	556
115	560
116	552
117	551
118	571
119	571
120	564
121	573
122	575
123	579
124	586
125	602
126	592
127	598
128	595
129	602
130	599
131	604
132	634
133	618
134	643
135	625
136	628
137	617
138	605
139	611
140	614
141	622
142	630
143	677
144	706
145	656
146	685
147	666
148	677
149	677
150	701
151	704
152	686
153	692
154	697
155	703
156	703
157	693
158	711
159	754
160	711
161	714
162	723
163	723
164	788
165	729
166	734
167	741
168	754
169	734
170	738
171	731
172	763
173	772
174	779
175	784
176	772
177	790
178	784
179	790
180	787
181	775
182	789
183	827
184	792
185	800
186	821
187	826
188	805
189	835
190	831
191	833
192	830
193	812
194	851
195	857
196	855
197	835
198	858
199	861
200	854
201	862
202	867
203	881
204	882
205	887
206	897
207	880
208	897
209	885
210	892
211	893
212	915
213	872
214	897
215	925
216	902
217	925
218	925
219	928
220	931
221	936
222	917
223	921
224	922
225	952
226	936
227	965
228	956
229	976
230	984
231	985
232	966
233	975
234	980
235	964
236	989
237	984
238	1000
239	994
240	1001
241	1013
242	1010
243	1003
244	1024
245	1027
246	1032
247	1068
248	1032
249	1047
250	1020
251	1048
252	1048
253	1045
254	1051
255	1056
256	1049
257	1060
258	1057
259	1082
260	1087
261	1089
262	1085
263	1085
264	1082
265	1100
266	1098
267	1099
268	1108
269	1124
270	1130
271	1128
272	1095
273	1097
274	1119
275	1143
276	1144
277	1146
278	1144
279	1199
280	1194
281	1169
282	1258
283	1160
284	1180
285	1183
286	1183
287	1195
288	1174
289	1187
290	1189
291	1183
292	1182
293	1155
294	1204
295	1220
296	1224
297	1227
298	1228
299	1233
300	1232
301	1193
302	1261
303	1215
304	1229
305	1326
306	1263
307	1244
308	1219
309	1322
310	1246
311	1286
312	1265
313	1252
314	1271
315	1300
316	1303
317	1286
318	1293
319	1274
320	1299
321	1348
322	1306
323	1354
324	1366
325	1376
326	1301
327	1328
328	1369
329	1372
330	1346
331	1410
332	1411
333	1354
334	1400
335	1362
336	1358
337	1337
338	1388
339	1370
340	1373
341	1362
342	1374
343	1364
344	1464
345	1376
346	1445
347	1437
348	1460
349	1450
350	1492
351	1465
352	1460
353	1464
354	1470
355	1442
356	1390
357	1429
358	1428
359	1465
360	1431
361	1519
362	1551
363	1443
364	1517
365	1530
366	1509
367	1472
368	1487
369	1540
370	1497
371	1536
372	1519
373	1564
374	1578
375	1597
376	1573
377	1603
378	1596
379	1553
380	1518
381	1510
382	1589
383	1609
384	1612
385	1527
386	1563
387	1549
388	1574
389	1603
390	1633
391	1638
392	1662
393	1632
394	1621
395	1584
396	1565
397	1612
398	1590
399	1655
400	1663
401	1711
402	1737
403	1740
404	1737
405	1726
406	1641
407	1651
408	1650
409	1619
410	1651
411	1617
412	1654
413	1687
414	1769
415	1670
416	1743
417	1703
418	1705
419	1689
420	1703
421	1774
422	1794
423	1809
424	1765
425	1784
426	1758
427	1695
428	1843
429	1882
430	1768
431	1758
432	1829
433	1882
434	1784
435	1750
436	1894
437	1899
438	1767
439	1836
440	1786
441	1792
442	1934
443	1910
444	1886
445	1866
446	1828
447	1855
448	1811
449	1901
450	1977
451	1844
452	1939
453	1854
454	1838
455	1801
456	1801
457	1888
458	1965
459	1857
460	1922
461	1974
462	2024
463	2031
464	1989
465	2009
466	1957
467	1981
468	2053
469	1986
470	1928
471	1981
472	2027
473	1996
474	1933
475	2017
476	2022
477	2018
478	2030
479	2020
480	2029
481	2056
482	2086
483	2086
484	2024
485	2034
486	2000
487	2039
488	2056
489	2077
490	2082
491	2063
492	2080
493	2106
494	2044
495	2070
496	2147
497	2100
498	2014
499	2150
500	2116
501	1993
502	2152
503	2122
504	2154
505	1966
506	2137
507	2169
508	2169
509	2214
510	2205
511	2187
512	2085
513	2148
514	2157
515	2193
516	2107
517	2164
518	2255
519	2163
520	2126
521	2170
522	2204
523	2273
524	2180
525	2183
526	2194
527	2225
528	2168
529	2251
530	2208
531	2195
532	2229
533	2246
534	2258
535	2275
536	2302
537	2328
538	2274
539	2246
540	2297
541	2242
542	2239
543	2273
544	2275
545	2311
546	2237
547	2258
548	2287
549	2311
550	2344
551	2374
552	2395
553	2332
554	2385
555	2231
556	2263
557	2337
558	2381
559	2352
560	2386
561	2377
562	2378
563	2402
564	2414
565	2368
566	2360
567	2415
568	2387
569	2336
570	2418
571	2390
572	2404
573	2377
574	2433
575	2415
576	2418
577	2417
578	2454
579	2473
580	2473
581	2424
582	2433
583	2440
584	2461
585	2493
586	2452
587	2457
588	2484
589	2416
590	2524
591	2530
592	2506
593	2484
594	2508
595	2524
596	2507
597	2492
598	2509
599	2542
600	2480
601	2503
602	2511
603	2501
604	2510
605	2546
606	2532
607	2524
608	2557
609	2556
610	2550
611	2565
612	2550
613	2562
614	2550
615	2555
616	2603
617	2611
618	2620
619	2591
620	2609
621	2596
622	2617
623	2605
624	2595
625	2612
626	2575
627	2667
628	2677
629	2635
630	2649
631	2632
632	2615
633	2634
634	2657
635	2646
636	2644
637	2665
638	2664
639	2686
640	2670
641	2634
642	2646
643	2658
644	2651
645	2666
646	2654
647	2611
648	2683
649	2718
650	2695
651	2691
652	2671
653	2645
654	2700
655	2814
656	2759
657	2771
658	2778
659	2755
660	2761
661	2731
662	2780
663	2750
664	2741
665	2788
666	2811
667	2756
668	2748
669	2821
670	2765
671	2763
672	2786
673	2774
674	2767
675	2800
676	2806
677	2807
678	2798
679	2774
680	2849
681	2822
682	2768
683	2821
684	2821
685	2796
686	2882
687	2838
688	2839
689	2870
690	2875
691	2888
692	2876
693	2888
694	2928
695	2911
696	2864
697	2868
698	2912
699	2904
700	2935
701	2925
702	2923
703	2967
704	2930
705	2895
706	2917
707	2920
708	2931
709	2930
710	2926
711	2926
712	2944
713	2888
714	3008
715	2993
716	2940
717	3002
718	2979
719	2972
720	2944
721	2957
722	2985
723	3000
724	2992
725	3044
726	3038
727	2996
728	3086
729	3014
730	2987
731	3010
732	3020
733	3058
734	3080
735	3003
736	3009
737	3062
738	3063
739	3044
740	3026
741	3017
742	3057
743	3074
744	3057
745	3056
746	3064
747	3119
748	3028
749	3077
750	3048
751	3087
752	3066
753	3057
754	3120
755	3106
756	3115
757	3146
758	3153
759	3167
760	3093
761	3113
762	3075
763	3088
764	3150
765	3212
766	3139
767	3175
768	3181
769	3195
770	3125
771	3207
772	3214
773	3209
774	3176
775	3146
776	3172
777	3201
778	3173
779	3196
780	3179
781	3222
782	3228
783	3227
784	3189
785	3197
786	3218
787	3224
788	3214
789	3245
790	3236
791	3210
792	3233
793	3250
794	3257
795	3280
796	3226
797	3249
798	3327
799	3375
800	3272
801	3292
802	3283
803	3316
804	3295
805	3285
806	3268
807	3288
808	3282
809	3396
810	3327
811	3351
812	3361
813	3315
814	3314
815	3302
816	3330
817	3376
818	3354
819	3325
820	3330
821	3385
822	3434
823	3323
824	3357
825	3376
826	3376
827	3382
828	3392
829	3356
830	3353
831	3356
832	3348
833	3400
834	3428
835	3416
836	3408
837	3405
838	3396
839	3404
840	3426
841	3428
842	3484
843	3416
844	3431
845	3432
846	3429
847	3438
848	3396
849	3426
850	3432
851	3388
852	3446
853	3458
854	3443
855	3535
856	3542
857	3476
858	3475
859	3478
860	3468
861	3469
862	3566
863	3509
864	3567
865	3504
866	3521
867	3516
868	3478
869	3536
870	3515
871	3559
872	3524
873	3544
874	3544
875	3561
876	3541
877	3562
878	3528
879	3567
880	3556
881	3523
882	3590
883	3550
884	3580
885	3581
886	3582
887	3594
888	3628
889	3606
890	3616
891	3609
892	3638
893	3633
894	3641
895	3591
896	3611
897	3629
898	3660
899	3623
900	3584
901	3660
902	3676
903	3715
904	3677
905	3699
906	3736
907	3655
908	3657
909	3708
910	3650
911	3664
912	3674
913	3622
914	3629
915	3706
916	3725
917	3700
918	3729
919	3705
920	3706
921	3691
922	3699
923	3738
924	3750
925	3740
926	3785
927	3746
928	3782
929	3742
930	3791
931	3794
932	3790
933	3738
934	3794
935	3735
936	3731
937	3733
938	3787
939	3807
940	3787
941	3760
942	3811
943	3837
944	3840
945	3820
946	3778
947	3823
948	3798
949	3796
950	3871
951	3852
952	3841
953	3841
954	3847
955	3794
956	3799
957	3862
958	3861
959	3869
960	3834
961	3814
962	3890
963	3900
964	3898
965	3846
966	3854
967	3899
968	3886
969	3893
970	3889
971	3867
972	3945
973	3926
974	3929
975	3907
976	3906
977	3887
978	3883
979	3918
980	3910
981	3909
982	3952
983	3989
984	3898
985	3933
986	3925
987	3933
988	4008
989	4006
990	4025
991	4025
992	4005
993	4020
994	3975
995	4026
996	3973
997	3970
998	3986
999	3982
1000	4035
1001	3971
1002	3996
1003	4082
1004	4024
1005	3991
1006	3997
1007	4054
1008	4060
1009	4028
1010	4059
1011	4029
1012	4043
1013	4050
1014	4024
1015	4048
1016	4064
1017	4039
1018	4085
1019	4092
1020	4055
1021	4083
1022	4090
1023	4070
1024	4029
1025	4092
1026	4094
1027	4133
1028	4141
1029	4110
1030	4092
1031	4134
1032	4123
1033	4177
1034	4117
1035	4180
1036	4115
1037	4145
1038	4141
1039	4189
1040	4179
1041	4156
1042	4180
1043	4124
1044	4154
1045	4131
1046	4111
1047	4170
1048	4145
1049	4156
1050	4160
1051	4210
1052	4181
1053	4182
1054	4214
1055	4215
1056	4227
1057	4206
1058	4256
1059	4240
1060	4209
1061	4221
1062	4198
1063	4252
1064	4242
1065	4227
1066	4200
1067	4215
1068	4246
1069	4241
1070	4254
1071	4278
1072	4290
1073	4262
1074	4247
1075	4274
1076	4256
1077	4303
1078	4295
1079	4290
1080	4281
1081	4285
1082	4314
1083	4327
1084	4294
1085	4275
1086	4290
1087	4328
1088	4345
1089	4331
1090	4290
1091	4344
1092	4318
1093	4341
1094	4306
1095	4296
1096	4347
1097	4330
1098	4346
1099	4369
1100	4327
1101	4340
1102	4366
1103	4427
1104	4398
1105	4400
1106	4399
1107	4409
1108	4412
1109	4383
1110	4385
1111	4366
1112	4403
1113	4429
1114	4427
1115	4434
1116	4472
1117	4437
1118	4433
1119	4428
1120	4449
1121	4441
1122	4404
1123	4455
1124	4428
1125	4449
1126	4459
1127	4449
1128	4431
1129	4496
1130	4440
1131	4468
1132	4469
1133	4464
1134	4506
1135	4478
1136	4476
1137	4497
1138	4534
1139	4491
1140	4551
1141	4513
1142	4551
1143	4514
1144	4529
1145	4538
1146	4527
1147	4504
1148	4527
1149	4532
1150	4591
1151	4559
1152	4532
1153	4561
1154	4594
1155	4556
1156	4528
1157	4578
1158	4580
1159	4589
1160	4618
1161	4569
1162	4589
1163	4552
1164	4589
1165	4631
1166	4669
1167	4612
1168	4635
1169	4591
1170	4589
1171	4623
1172	4607
1173	4621
1174	4609
1175	4659
1176	4639
1177	4645
1178	4656
1179	4659
1180	4654
1181	4613
1182	4672
1183	4643
1184	4678
1185	4700
1186	4650
1187	4670
1188	4681
1189	4631
1190	4688
1191	4706
1192	4682
1193	4677
1194	4712
1195	4733
1196	4714
1197	4707
1198	4688
1199	4720
1200	4730
1201	4676
1202	4763
1203	4711
1204	4758
1205	4748
1206	4725
1207	4728
1208	4716
1209	4719
1210	4763
1211	4764
1212	4758
1213	4785
1214	4800
1215	4804
1216	4746
1217	4737
1218	4764
1219	4810
1220	4776
1221	4784
1222	4799
1223	4806
1224	4821
1225	4827
1226	4793
1227	4808
1228	4802
1229	4834
1230	4813
1231	4847
1232	4841
1233	4840
1234	4868
1235	4836
1236	4836
1237	4829
1238	4895
1239	4870
1240	4855
1241	4856
1242	4834
1243	4892
1244	4863
1245	5030
1246	4939
1247	4899
1248	4897
1249	4917
1250	4935
1251	4898
1252	4921
1253	4904
1254	4923
1255	4902
1256	4869
1257	4904
1258	4959
1259	4940
1260	4965
1261	4937
1262	4967
1263	4990
1264	4960
1265	4950
1266	4985
1267	4998
1268	4974
1269	4966
1270	4974
1271	5010
1272	4970
1273	4993
1274	5018
1275	4982
1276	4971
1277	4975
1278	4978
1279	5027
1280	4993
1281	5034
1282	5049
1283	5016
1284	5012
1285	5054
1286	5052
1287	5068
1288	5011
1289	4992
1290	5087
1291	5048
1292	5077
1293	5061
1294	5087
1295	5079
1296	5077
1297	5095
1298	5069
1299	5115
1300	5099
1301	5106
1302	5103
1303	5118
1304	5112
1305	5075
1306	5140
1307	5123
1308	5130
1309	5116
1310	5118
1311	5166
1312	5119
1313	5083
1314	5095
1315	5167
1316	5151
1317	5161
1318	5152
1319	5179
1320	5175
1321	5129
1322	5149
1323	5210
1324	5172
1325	5173
1326	5200
1327	5202
1328	5179
1329	5191
1330	5216
1331	5183
1332	5164
1333	5167
1334	5195
1335	5249
1336	5157
1337	5157
1338	5167
1339	5273
1340	5267
1341	5213
1342	5246
1343	5259
1344	5242
1345	5256
1346	5232
1347	5247
1348	5215
1349	5257
1350	5287
1351	5295
1352	5287
1353	5309
1354	5324
1355	5278
1356	5325
1357	5325
1358	5326
1359	5331
1360	5321
1361	5280
1362	5308
1363	5335
1364	5308
1365	5277
1366	5327
1367	5350
1368	5317
1369	5317
1370	5333
1371	5367
1372	5372
1373	5354
1374	5360
1375	5374
1376	5332
1377	5349
1378	5366
1379	5392
1380	5356
1381	5378
1382	5394
1383	5373
1384	5368
1385	5371
1386	5413
1387	5396
1388	5374
1389	5434
1390	5405
1391	5403
1392	5386
1393	5440
1394	5414
1395	5436
1396	5406
1397	5446
1398	5483
1399	5453
1400	5425
1401	5442
1402	5476
1403	5463
1404	5471
1405	5483
1406	5504
1407	5509
1408	5459
1409	5461
1410	5493
1411	5462
1412	5500
1413	5499
1414	5456
1415	5508
1416	5475
1417	5472
1418	5518
1419	5480
1420	5547
1421	5518
1422	5544
1423	5540
1424	5536
1425	5544
1426	5527
1427	5550
1428	5526
1429	5538
1430	5592
1431	5590
1432	5529
1433	5552
1434	5601
1435	5530
1436	5552
1437	5555
1438	5585
1439	5563
1440	5556
1441	5586
1442	5586
1443	5623
1444	5607
1445	5608
1446	5625
1447	5628
1448	5636
1449	5617
1450	5649
1451	5683
1452	5623
1453	5621
1454	5669
1455	5641
1456	5631
1457	5640
1458	5688
1459	5689
1460	5636
1461	5667
1462	5614
1463	5701
1464	5648
1465	5703
1466	5699
1467	5710
1468	5636
1469	5716
1470	5704
1471	5751
1472	5697
1473	5708
1474	5734
1475	5686
1476	5716
1477	5709
1478	5706
1479	5734
1480	5708
1481	5710
1482	5732
1483	5708
1484	5782
1485	5744
1486	5745
1487	5751
1488	5749
1489	5762
1490	5807
1491	5791
1492	5768
1493	5757
1494	5779
1495	5801
1496	5766
1497	5779
1498	5777
1499	5760
1500	5807
1501	5818
1502	5852
1503	5867
1504	5831
1505	5800
1506	5861
1507	5835
1508	5808
1509	5823
1510	5812
1511	5876
1512	5837
1513	5830
1514	5855
1515	5902
1516	5841
1517	5853
1518	5840
1519	5915
1520	5875
1521	5856
1522	5917
1523	5911
1524	5886
1525	5887
1526	5887
1527	5935
1528	5902
1529	5888
1530	5914
1531	5922
1532	5902
1533	5896
1534	5970
1535	5958
1536	5914
1537	5905
1538	5933
1539	5924
1540	5909
1541	5902
1542	5974
1543	5951
1544	5946
1545	5961
1546	5980
1547	5982
1548	5948
1549	5960
1550	5991
1551	5996
1552	5980
1553	5964
1554	5955
1555	6006
1556	5968
1557	5987
1558	6037
1559	6014
1560	6004
1561	6012
1562	6081
1563	6063
1564	6040
1565	6015
1566	6076
1567	6066
1568	6021
1569	6034
1570	6078
1571	6046
1572	6031
1573	6031
1574	6097
1575	6052
1576	6070
1577	6091
1578	6109
1579	6108
1580	6097
1581	6076
1582	6098
1583	6110
1584	6091
1585	6104
1586	6090
1587	6119
1588	6078
1589	6113
1590	6135
1591	6141
1592	6117
1593	6100
1594	6135
1595	6183
1596	6094
1597	6162
1598	6173
1599	6156
1600	6112
1601	6157
1602	6201
1603	6186
1604	6124
1605	6107
1606	6165
1607	6197
1608	6178
1609	6220
1610	6214
1611	6235
1612	6163
1613	6174
1614	6189
1615	6241
1616	6223
1617	6194
1618	6222
1619	6251
1620	6210
1621	6244
1622	6288
1623	6280
1624	6213
1625	6211
1626	6247
1627	6279
1628	6249
1629	6262
1630	6255
1631	6302
1632	6214
1633	6279
1634	6294
1635	6320
1636	6266
1637	6258
1638	6332
1639	6285
1640	6286
1641	6314
1642	6325
1643	6345
1644	6292
1645	6305
1646	6393
1647	6372
1648	6306
1649	6318
1650	6366
1651	6347
1652	6351
1653	6351
1654	6352
1655	6391
1656	6352
1657	6347
1658	6388
1659	6369
1660	6342
1661	6363
1662	6414
1663	6407
1664	6414
1665	6378
1666	6411
1667	6439
1668	6393
1669	6401
1670	6408
1671	6421
1672	6436
1673	6400
1674	6428
1675	6455
1676	6403
1677	6434
1678	6454
1679	6486
1680	6417
1681	6455
1682	6484
1683	6500
1684	6438
1685	6467
1686	6527
1687	6506
1688	6470
1689	6466
1690	6480
1691	6484
1692	6480
1693	6519
1694	6548
1695	6530
1696	6523
1697	6491
1698	6522
1699	6518
1700	6469
1701	6496
1702	6550
1703	6548
1704	6522
1705	6516
1706	6525
1707	6550
1708	6560
1709	6535
1710	6576
1711	6566
1712	6552
1713	6512
1714	6611
1715	6621
1716	6562
1717	6589
1718	6589
1719	6614
1720	6545
1721	6585
1722	6641
1723	6618
1724	6574
1725	6584
1726	6640
1727	6643
1728	6591
1729	6608
1730	6679
1731	6663
1732	6620
1733	6608
1734	6652
1735	6667
1736	6607
1737	6633
1738	6675
1739	6685
1740	6671
1741	6675
1742	6692
1743	6736
1744	6697
1745	6641
1746	6665
1747	6721
1748	6700
1749	6702
1750	6717
1751	6723
1752	6698
1753	6689
1754	6716
1755	6755
1756	6692
1757	6700
1758	6765
1759	6737
1760	6736
1761	6696
1762	6735
1763	6788
1764	6713
1765	6753
1766	6777
1767	6747
1768	6762
1769	6755
1770	6777
1771	6809
1772	6773
1773	6754
1774	6832
1775	6798
1776	6785
1777	6744
1778	6817
1779	6842
1780	6787
1781	6810
1782	6828
1783	6796
1784	6833
1785	6809
1786	6874
1787	6832
1788	6795
1789	6800
1790	6880
1791	6877
1792	6855
1793	6841
1794	6901
1795	6908
1796	6865
1797	6874
1798	6919
1799	6936
1800	6881
1801	6883
1802	6939
1803	6926
1804	6861
1805	6900
1806	6975
1807	7007
1808	6917
1809	6896
1810	6992
1811	7021
1812	6893
1813	6888
1814	6983
1815	7052
1816	6946
1817	6948
1818	7020
1819	7061
1820	6948
1821	6979
1822	7056
1823	7059
1824	6956
1825	6977
1826	7039
1827	7069
1828	6984
1829	6994
1830	7063
1831	7078
1832	6998
1833	6987
1834	7121
1835	7110
1836	6986
1837	6986
1838	7147
1839	7166
1840	7015
1841	7022
1842	7071
1843	7128
1844	7038
1845	7016
1846	7149
1847	7142
1848	7042
1849	7043
1850	7188
1851	7181
1852	7045
1853	7044
1854	7185
1855	7171
1856	7046
1857	7039
1858	7175
1859	7194
1860	7079
1861	7069
1862	7165
1863	7225
1864	7083
1865	7093
1866	7191
1867	7222
1868	7118
1869	7119
1870	7257
1871	7274
1872	7090
1873	7128
1874	7217
1875	7219
1876	7126
1877	7110
1878	7222
1879	7243
1880	7146
1881	7161
1882	7286
1883	7302
1884	7175
1885	7189
1886	7273
1887	7259
1888	7195
1889	7194
1890	7321
1891	7320
1892	7210
1893	7184
1894	7265
1895	7319
1896	7219
1897	7194
1898	7308
1899	7342
1900	7222
1901	7225
1902	7353
1903	7351
1904	7227
1905	7248
1906	7359
1907	7323
1908	7266
1909	7297
1910	7337
1911	7355
1912	7208
1913	7244
1914	7388
1915	7355
1916	7285
1917	7303
1918	7400
1919	7424
1920	7290
1921	7326
1922	7384
1923	7416
1924	7285
1925	7339
1926	7400
1927	7461
1928	7308
1929	7287
1930	7468
1931	7454
1932	7339
1933	7362
1934	7421
1935	7475
1936	7323
1937	7361
1938	7493
1939	7497
1940	7403
1941	7390
1942	7521
1943	7542
1944	7379
1945	7366
1946	7523
1947	7574
1948	7432
1949	7407
1950	7574
1951	7569
1952	7403
1953	7402
1954	7555
1955	7592
1956	7412
1957	7415
1958	7573
1959	7580
1960	7444
1961	7418
1962	7572
1963	7563
1964	7432
1965	7472
1966	7631
1967	7616
1968	7489
1969	7456
1970	7633
1971	7663
1972	7462
1973	7459
1974	7629
1975	7699
1976	7493
1977	7500
1978	7618
1979	7600
1980	7522
1981	7500
1982	7667
1983	7628
1984	7519
1985	7530
1986	7658
1987	7665
1988	7551
1989	7547
1990	7685
1991	7684
1992	7552
1993	7542
1994	7647
1995	7665
1996	7566
1997	7556
1998	7729
1999	7710
2000	7560
2001	7580
2002	7678
2003	7693
2004	7568
2005	7613
2006	7719
2007	7729
2008	7598
2009	7616
2010	7719
2011	7723
2012	7650
2013	7603
2014	7760
2015	7743
2016	7638
2017	7668
2018	7773
2019	7789
2020	7657
2021	7667
2022	7778
2023	7768
2024	7676
2025	7655
2026	7761
2027	7800
2028	7679
2029	7701
2030	7847
2031	7832
2032	7688
2033	7682
2034	7855
2035	7835
2036	7724
2037	7730
2038	7846
2039	7891
2040	7735
2041	7723
2042	7909
2043	7904
2044	7745
2045	7720
2046	7926
2047	7954
2048	7750
2049	7756
2050	7928
2051	7886
2052	7729
2053	7753
2054	7926
2055	7933
2056	7779
2057	7786
2058	7994
2059	7994
2060	7815
2061	7786
2062	8016
2063	8038
2064	7791
2065	7830
2066	8084
2067	8075
2068	7848
2069	7838
2070	8084
2071	8110
2072	7805
2073	7814
2074	8138
2075	8154
2076	7838
2077	7853
2078	8214
2079	8195
2080	7879
2081	7860
2082	8189
2083	8193
2084	7886
2085	7902
2086	8221
2087	8246
2088	7890
2089	7889
2090	8237
2091	8242
2092	7943
2093	7952
2094	8285
2095	8284
2096	7926
2097	7908
2098	8297
2099	8292
2100	7976
2101	7948
2102	8337
2103	8331
2104	7956
2105	7967
2106	8317
2107	8319
2108	8004
2109	7978
2110	8398
2111	8399
2112	7944
2113	8017
2114	8376
2115	8419
2116	8019
2117	8050
2118	8435
2119	8451
2120	8029
2121	8010
2122	8436
2123	8500
2124	8077
2125	8064
2126	8556
2127	8545
2128	8034
2129	8051
2130	8499
2131	8544
2132	8065
2133	8095
2134	8584
2135	8603
2136	8078
2137	8124
2138	8589
2139	8617
2140	8144
2141	8107
2142	8650
2143	8678
2144	8126
2145	8150
2146	8683
2147	8676
2148	8139
2149	8133
2150	8747
2151	8697
2152	8154
2153	8162
2154	8748
2155	8736
2156	8165
2157	8183
2158	8810
2159	8823
2160	8178
2161	8201
2162	8777
2163	8831
2164	8210
2165	8216
2166	8866
2167	8863
2168	8242
2169	8224
2170	8868
2171	8926
2172	8266
2173	8264
2174	8987
2175	8962
2176	8270
2177	8258
2178	8950
2179	8962
2180	8286
2181	8272
2182	8977
2183	9026
2184	8283
2185	8273
2186	9039
2187	9080
2188	8332
2189	8346
2190	9163
2191	9167
2192	8305
2193	8315
2194	9136
2195	9123
2196	8360
2197	8330
2198	9177
2199	9183
2200	8323
2201	8354
2202	9159
2203	9201
2204	8401
2205	8400
2206	9203
2207	9290
2208	8374
2209	8391
2210	9238
2211	9289
2212	8386
2213	8447
2214	9306
2215	9331
2216	8422
2217	8440
2218	9320
2219	9338
2220	8455
2221	8467
2222	9400
2223	9424
2224	8458
2225	8434
2226	9396
2227	9431
2228	8479
2229	8475
2230	9450
2231	9459
2232	8501
2233	8472
2234	9439
2235	9538
2236	8533
2237	8523
2238	9528
2239	9534
2240	8505
2241	8529
2242	9526
2243	9545
2244	8538
2245	8554
2246	9593
2247	9584
2248	8549
2249	8536
2250	9626
2251	9708
2252	8567
2253	8591
2254	9669
2255	9712
2256	8585
2257	8602
2258	9658
2259	9668
2260	8593
2261	8625
2262	9698
2263	9712
2264	8635
2265	8649
2266	9694
2267	9751
2268	8641
2269	8640
2270	9817
2271	9826
2272	8677
2273	8678
2274	9801
2275	9853
2276	8703
2277	8674
2278	9870
2279	9869
2280	8691
2281	8679
2282	9888
2283	9891
2284	8748
2285	8732
2286	9883
2287	9942
2288	8733
2289	8717
2290	9880
2291	9923
2292	8731
2293	8740
2294	9939
2295	9972
2296	8753
2297	8754
2298	9916
2299	9957
2300	8790
2301	8787
2302	9936
2303	9966
2304	8731
2305	8778
2306	9968
2307	9955
2308	8824
2309	8825
2310	10024
2311	10006
2312	8822
2313	8843
2314	10003
2315	10052
2316	8839
2317	8865
2318	10037
2319	10060
2320	8856
2321	8869
2322	10046
2323	10102
2324	8873
2325	8879
2326	10124
2327	10153
2328	8877
2329	8927
2330	10094
2331	10150
2332	8932
2333	8960
2334	10121
2335	10161
2336	8941
2337	8946
2338	10125
2339	10202
2340	8983
2341	8978
2342	10197
2343	10269
2344	8987
2345	8983
2346	10209
2347	10258
2348	9018
2349	9008
2350	10304
2351	10323
2352	9017
2353	9047
2354	10300
2355	10347
2356	9074
2357	9053
2358	10362
2359	10378
2360	9074
2361	9082
2362	10348
2363	10436
2364	9117
2365	9111
2366	10460
2367	10510
2368	9104
2369	9108
2370	10417
2371	10489
2372	9123
2373	9094
2374	10499
2375	10496
2376	9170
2377	9183
2378	10486
2379	10546
2380	9179
2381	9187
2382	10481
2383	10480
2384	9163
2385	9183
2386	10497
2387	10474
2388	9225
2389	9227
2390	10517
2391	10530
2392	9231
2393	9234
2394	10635
2395	10576
2396	9253
2397	9227
2398	10637
2399	10651
2400	9248
2401	9256
2402	10707
2403	10695
2404	9313
2405	9318
2406	10694
2407	10772
2408	9304
2409	9315
2410	10765
2411	10791
2412	9369
2413	9331
2414	10833
2415	10822
2416	9317
2417	9325
2418	10739
2419	10839
2420	9367
2421	9353
2422	10842
2423	10879
2424	9358
2425	9378
2426	10883
2427	10919
2428	9407
2429	9424
2430	10927
2431	10949
2432	9405
2433	9392
2434	10929
2435	10997
2436	9432
2437	9430
2438	10966
2439	11000
2440	9417
2441	9446
2442	11008
2443	11074
2444	9502
2445	9493
2446	11051
2447	11052
2448	9474
2449	9491
2450	11093
2451	11124
2452	9483
2453	9496
2454	11140
2455	11205
2456	9495
2457	9549
2458	11194
2459	11237
2460	9528
2461	9539
2462	11211
2463	11224
2464	9531
2465	9523
2466	11242
2467	11292
2468	9588
2469	9594
2470	11256
2471	11290
2472	9579
2473	9573
2474	11268
2475	11300
2476	9612
2477	9619
2478	11326
2479	11348
2480	9612
2481	9643
2482	11339
2483	11380
2484	9619
2485	9631
2486	11344
2487	11402
2488	9630
2489	9647
2490	11455
2491	11428
2492	9667
2493	9650
2494	11454
2495	11421
2496	9656
2497	9669
2498	11457
2499	11492
2500	9676
2501	9671
2502	11475
2503	11501
2504	9681
2505	9720
2506	11507
2507	11525
2508	9721
2509	9733
2510	11535
2511	11565
2512	9732
2513	9746
2514	11534
2515	11562
2516	9785
2517	9777
2518	11568
2519	11604
2520	9782
2521	9797
2522	11620
2523	11650
2524	9801
2525	9810
2526	11679
2527	11667
2528	9783
2529	9849
2530	11688
2531	11709
2532	9860
2533	9813
2534	11735
2535	11742
2536	9881
2537	9855
2538	11855
2539	11834
2540	9885
2541	9899
2542	11810
2543	11817
2544	9866
2545	9889
2546	11818
2547	11874
2548	9869
2549	9903
2550	11807
2551	11807
2552	9923
2553	9902
2554	11820
2555	11873
2556	9931
2557	9930
2558	11809
2559	11826
2560	9930
2561	9917
2562	11851
2563	11882
2564	9987
2565	9965
2566	11845
2567	11890
2568	9971
2569	9964
2570	11922
2571	11979
2572	10026
2573	10033
2574	11965
2575	11934
2576	10016
2577	9986
2578	11949
2579	12003
2580	10030
2581	10037
2582	12006
2583	12007
2584	10033
2585	10037
2586	12074
2587	12040
2588	10082
2589	10086
2590	12055
2591	12059
2592	10066
2593	10098
2594	12051
2595	12119
2596	10119
2597	10154
2598	12110
2599	12091
2600	10096
2601	10114
2602	12124
2603	12156
2604	10143
2605	10178
2606	12182
2607	12228
2608	10169
2609	10194
2610	12225
2611	12281
2612	10188
2613	10204
2614	12216
2615	12239
2616	10147
2617	10188
2618	12267
2619	12310
2620	10238
2621	10252
2622	12252
2623	12300
2624	10238
2625	10269
2626	12300
2627	12303
2628	10262
2629	10265
2630	12350
2631	12350
2632	10297
2633	10274
2634	12378
2635	12418
2636	10318
2637	10335
2638	12436
2639	12478
2640	10273
2641	10331
2642	12486
2643	12487
2644	10370
2645	10366
2646	12452
2647	12499
2648	10350
2649	10358
2650	12532
2651	12519
2652	10427
2653	10385
2654	12508
2655	12534
2656	10408
2657	10438
2658	12581
2659	12577
2660	10460
2661	10467
2662	12616
2663	12624
2664	10479
2665	10470
2666	12685
2667	12728
2668	10520
2669	10495
2670	12684
2671	12710
2672	10537
2673	10514
2674	12744
2675	12808
2676	10554
2677	10543
2678	12761
2679	12826
2680	10583
2681	10585
2682	12902
2683	12927
2684	10626
2685	10631
2686	12897
2687	12911
2688	10631
2689	10611
2690	12991
2691	12998
2692	10627
2693	10692
2694	12984
2695	13014
2696	10662
2697	10713
2698	13040
2699	13129
2700	10751
2701	10751
2702	12993
2703	13029
2704	10777
2705	10740
2706	13025
2707	13098
2708	10802
2709	10782
2710	13025
2711	13061
2712	10780
2713	10803
2714	13107
2715	13139
2716	10828
2717	10834
2718	13139
2719	13133
2720	10827
2721	10869
2722	13140
2723	13165
2724	10868
2725	10881
2726	13145
2727	13145
2728	10910
2729	10855
2730	13232
2731	13200
2732	10939
2733	10939
2734	13132
2735	13128
2736	10931
2737	10927
2738	13158
2739	13200
2740	10937
2741	10952
2742	13200
2743	13213
2744	10927
2745	10944
2746	13275
2747	13299
2748	10963
2749	11013
2750	13213
2751	13226
2752	11004
2753	10997
2754	13320
2755	13337
2756	11023
2757	11007
2758	13275
2759	13295
2760	11015
2761	11050
2762	13350
2763	13358
2764	11058
2765	11071
2766	13348
2767	13381
2768	11053
2769	11068
2770	13386
2771	13409
2772	11096
2773	11077
2774	13393
2775	13416
2776	11090
2777	11099
2778	13459
2779	13466
2780	11159
2781	11156
2782	13417
2783	13464
2784	11172
2785	11148
2786	13470
2787	13517
2788	11174
2789	11170
2790	13552
2791	13571
2792	11198
2793	11183
2794	13595
2795	13611
2796	11259
2797	11258
2798	13582
2799	13583
2800	11238
2801	11241
2802	13676
2803	13675
2804	11262
2805	11267
2806	13598
2807	13637
2808	11246
2809	11262
2810	13703
2811	13730
2812	11327
2813	11309
2814	13723
2815	13730
2816	11303
2817	11285
2818	13729
2819	13783
2820	11322
2821	11312
2822	13763
2823	13791
2824	11303
2825	11338
2826	13874
2827	13873
2828	11362
2829	11355
2830	13807
2831	13830
2832	11347
2833	11372
2834	13845
2835	13897
2836	11394
2837	11359
2838	13880
2839	13912
2840	11432
2841	11386
2842	14017
2843	14050
2844	11431
2845	11450
2846	13971
2847	13997
2848	11414
2849	11403
2850	14077
2851	14143
2852	11436
2853	11444
2854	14074
2855	14073
2856	11446
2857	11444
2858	14150
2859	14180
2860	11478
2861	11469
2862	14155
2863	14141
2864	11457
2865	11457
2866	14208
2867	14218
2868	11495
2869	11511
2870	14245
2871	14247
2872	11486
2873	11514
2874	14317
2875	14381
2876	11520
2877	11538
2878	14275
2879	14281
2880	11509
2881	11528
2882	14387
2883	14396
2884	11589
2885	11569
2886	14368
2887	14388
2888	11559
2889	11553
2890	14397
2891	14461
2892	11632
2893	11610
2894	14379
2895	14388
2896	11597
2897	11600
2898	14380
2899	14456
2900	11633
2901	11645
2902	14415
2903	14449
2904	11653
2905	11654
2906	14479
2907	14502
2908	11713
2909	11725
2910	14442
2911	14436
2912	11716
2913	11721
2914	14491
2915	14527
2916	11724
2917	11772
2918	14462
2919	14458
2920	11787
2921	11787
2922	14572
2923	14580
2924	11826
2925	11810
2926	14463
2927	14520
2928	11806
2929	11789
2930	14548
2931	14565
2932	11800
2933	11810
2934	14484
2935	14553
2936	11816
2937	11840
2938	14622
2939	14653
2940	11898
2941	11912
2942	14534
2943	14562
2944	11891
2945	11893
2946	14642
2947	14663
2948	11880
2949	11925
2950	14619
2951	14666
2952	11906
2953	11940
2954	14758
2955	14795
2956	11971
2957	11992
2958	14693
2959	14710
2960	11969
2961	11950
2962	14821
2963	14804
2964	11998
2965	11965
2966	14756
2967	14745
2968	11995
2969	11993
2970	14868
2971	14896
2972	12051
2973	12047
2974	14788
2975	14833
2976	12029
2977	12013
2978	14873
2979	14892
2980	12058
2981	12055
2982	14854
2983	14888
2984	12054
2985	12080
2986	14912
2987	14954
2988	12113
2989	12147
2990	14910
2991	14907
2992	12111
2993	12086
2994	14997
2995	14999
2996	12163
2997	12143
2998	14949
2999	14952
3000	12153
3001	12173
3002	15020
3003	15018
3004	12216
3005	12234
3006	14933
3007	14988
3008	12198
3009	12216
3010	15052
3011	15034
3012	12249
3013	12220
3014	15018
3015	15034
3016	12267
3017	12251
3018	15097
3019	15095
3020	12291
3021	12309
3022	15053
3023	15069
3024	12292
3025	12261
3026	15124
3027	15158
3028	12324
3029	12330
3030	15142
3031	15138
3032	12309
3033	12347
3034	15207
3035	15222
3036	12402
3037	12385
3038	15179
3039	15110
3040	12377
3041	12387
3042	15255
3043	15264
3044	12394
3045	12392
3046	15193
3047	15187
3048	12403
3049	12405
3050	15332
3051	15313
3052	12445
3053	12447
3054	15272
3055	15269
3056	12438
3057	12445
3058	15312
3059	15283
3060	12471
3061	12460
3062	15314
3063	15336
3064	12426
3065	12448
3066	15394
3067	15375
3068	12503
3069	12465
3070	15441
3071	15421
3072	12493
3073	12540
3074	15417
3075	15418
3076	12482
3077	12512
3078	15503
3079	15506
3080	12563
3081	12534
3082	15421
3083	15463
3084	12557
3085	12576
3086	15393
3087	15394
3088	12557
3089	12573
3090	15439
3091	15508
3092	12596
3093	12661
3094	15498
3095	15504
3096	12569
3097	12544
3098	15557
3099	15587
3100	12604
3101	12614
3102	15546
3103	15538
3104	12651
3105	12637
3106	15547
3107	15560
3108	12682
3109	12689
3110	15570
3111	15545
3112	12683
3113	12665
3114	15664
3115	15680
3116	12744
3117	12723
3118	15622
3119	15609
3120	12702
3121	12743
3122	15636
3123	15654
3124	12755
3125	12774
3126	15637
3127	15613
3128	12761
3129	12748
3130	15715
3131	15743
3132	12818
3133	12835
3134	15655
3135	15675
3136	12821
3137	12806
3138	15717
3139	15733
3140	12808
3141	12838
3142	15712
3143	15710
3144	12840
3145	12860
3146	15803
3147	15830
3148	12890
3149	12886
3150	15745
3151	15772
3152	12867
3153	12868
3154	15806
3155	15796
3156	12885
3157	12882
3158	15809
3159	15869
3160	12889
3161	12892
3162	15880
3163	15915
3164	12923
3165	12915
3166	15767
3167	15793
3168	12932
3169	12927
3170	15835
3171	15878
3172	12937
3173	12953
3174	15880
3175	15908
3176	12935
3177	12972
3178	15954
3179	16008
3180	12988
3181	12997
3182	15879
3183	15909
3184	12999
3185	12972
3186	15950
3187	15925
3188	13015
3189	13000
3190	15983
3191	15973
3192	13033
3193	13020
3194	16065
3195	16037
3196	13062
3197	13073
3198	15936
3199	15974
3200	13036
3201	13042
3202	15981
3203	16035
3204	13087
3205	13058
3206	16029
3207	16034
3208	13089
3209	13107
3210	16161
3211	16178
3212	13103
3213	13158
3214	16076
3215	16108
3216	13109
3217	13135
3218	16088
3219	16104
3220	13129
3221	13165
3222	16126
3223	16169
3224	13151
3225	13159
3226	16245
3227	16247
3228	13182
3229	13171
3230	16150
3231	16195
3232	13220
3233	13214
3234	16135
3235	16205
3236	13222
3237	13248
3238	16254
3239	16245
3240	13217
3241	13242
3242	16297
3243	16362
3244	13240
3245	13248
3246	16293
3247	16322
3248	13256
3249	13267
3250	16276
3251	16323
3252	13290
3253	13344
3254	16338
3255	16353
3256	13287
3257	13340
3258	16430
3259	16472
3260	13321
3261	13372
3262	16369
3263	16389
3264	13350
3265	13355
3266	16383
3267	16407
3268	13401
3269	13387
3270	16415
3271	16421
3272	13424
3273	13429
3274	16523
3275	16533
3276	13456
3277	13445
3278	16428
3279	16442
3280	13468
3281	13430
3282	16414
3283	16405
3284	13497
3285	13472
3286	16477
3287	16498
3288	13533
3289	13502
3290	16585
3291	16626
3292	13548
3293	13546
3294	16524
3295	16525
3296	13555
3297	13550
3298	16545
3299	16589
3300	13569
3301	13575
3302	16647
3303	16625
3304	13570
3305	13590
3306	16719
3307	16703
3308	13621
3309	13640
3310	16595
3311	16605
3312	13605
3313	13616
3314	16637
3315	16660
3316	13645
3317	13650
3318	16647
3319	16692
3320	13667
3321	13650
3322	16791
3323	16788
3324	13683
3325	13711
3326	16689
3327	16698
3328	13723
3329	13737
3330	16753
3331	16800
3332	13726
3333	13767
3334	16727
3335	16744
3336	13791
3337	13763
3338	16860
3339	16853
3340	13793
3341	13792
3342	16745
3343	16726
3344	13798
3345	13817
3346	16797
3347	16826
3348	13838
3349	13830
3350	16840
3351	16853
3352	13826
3353	13871
3354	16929
3355	16961
3356	13883
3357	13863
3358	16854
3359	16869
3360	13825
3361	13908
3362	16904
3363	16939
3364	13911
3365	13922
3366	16863
3367	16853
3368	13907
3369	13920
3370	17061
3371	17022
3372	13933
3373	13993
3374	16974
3375	17015
3376	13968
3377	13961
3378	17009
3379	16988
3380	13977
3381	14022
3382	17007
3383	17005
3384	13988
3385	14019
3386	17078
3387	17105
3388	14064
3389	14080
3390	17015
3391	16997
3392	14032
3393	14036
3394	17046
3395	17060
3396	14052
3397	14098
3398	17044
3399	17045
3400	14082
3401	14113
3402	17227
3403	17223
3404	14141
3405	14126
3406	17098
3407	17102
3408	14113
3409	14151
3410	17136
3411	17139
3412	14191
3413	14206
3414	17077
3415	17046
3416	14151
3417	14180
3418	17286
3419	17336
3420	14205
3421	14231
3422	17113
3423	17116
3424	14225
3425	14208
3426	17237
3427	17231
3428	14231
3429	14243
3430	17208
3431	17182
3432	14188
3433	14250
3434	17335
3435	17355
3436	14268
3437	14293
3438	17194
3439	17237
3440	14225
3441	14271
3442	17264
3443	17278
3444	14249
3445	14280
3446	17267
3447	17265
3448	14283
3449	14286
3450	17405
3451	17423
3452	14284
3453	14325
3454	17224
3455	17232
3456	14343
3457	14306
3458	17281
3459	17328
3460	14329
3461	14363
3462	17335
3463	17310
3464	14358
3465	14386
3466	17459
3467	17497
3468	14369
3469	14369
3470	17363
3471	17351
3472	14372
3473	14352
3474	17389
3475	17443
3476	14401
3477	14418
3478	17427
3479	17466
3480	14421
3481	14426
3482	17545
3483	17577
3484	14459
3485	14461
3486	17424
3487	17455
3488	14464
3489	14475
3490	17524
3491	17567
3492	14485
3493	14498
3494	17513
3495	17537
3496	14519
3497	14528
3498	17712
3499	17666
3500	14549
3501	14557
3502	17566
3503	17534
3504	14542
3505	14558
3506	17620
3507	17630
3508	14574
3509	14574
3510	17626
3511	17615
3512	14604
3513	14601
3514	17705
3515	17713
3516	14616
3517	14621
3518	17581
3519	17647
3520	14628
3521	14624
3522	17697
3523	17671
3524	14652
3525	14667
3526	17692
3527	17716
3528	14653
3529	14694
3530	17827
3531	17811
3532	14693
3533	14658
3534	17680
3535	17702
3536	14686
3537	14718
3538	17792
3539	17794
3540	14739
3541	14738
3542	17787
3543	17792
3544	14748
3545	14743
3546	17925
3547	17910
3548	14771
3549	14750
3550	17768
3551	17791
3552	14770
3553	14789
3554	17903
3555	17888
3556	14814
3557	14785
3558	17912
3559	17916
3560	14795
3561	14795
3562	18021
3563	18048
3564	14837
3565	14819
3566	17887
3567	17883
3568	14878
3569	14840
3570	17974
3571	17977
3572	14872
3573	14890
3574	17997
3575	17998
3576	14887
3577	14882
3578	18076
3579	18105
3580	14879
3581	14912
3582	17935
3583	17945
3584	14907
3585	14903
3586	18072
3587	18078
3588	14922
3589	14913
3590	18088
3591	18121
3592	14918
3593	14942
3594	18099
3595	18155
3596	14964
3597	14967
3598	18027
3599	18042
3600	14972
3601	14947
3602	18135
3603	18163
3604	14986
3605	14984
3606	18201
3607	18166
3608	14979
3609	15032
3610	18269
3611	18279
3612	15023
3613	15030
3614	18075
3615	18144
3616	15026
3617	15022
3618	18218
3619	18208
3620	15050
3621	15049
3622	18203
3623	18236
3624	15045
3625	15042
3626	18268
3627	18313
3628	15025
3629	15058
3630	18277
3631	18246
3632	15062
3633	15068
3634	18274
3635	18247
3636	15085
3637	15077
3638	18283
3639	18264
3640	15080
3641	15056
3642	18380
3643	18398
3644	15121
3645	15115
3646	18311
3647	18296
3648	15106
3649	15116
3650	18350
3651	18431
3652	15129
3653	15097
3654	18317
3655	18336
3656	15151
3657	15150
3658	18496
3659	18506
3660	15198
3661	15194
3662	18340
3663	18328
3664	15175
3665	15201
3666	18404
3667	18452
3668	15217
3669	15209
3670	18332
3671	18355
3672	15225
3673	15229
3674	18547
3675	18528
3676	15252
3677	15258
3678	18423
3679	18421
3680	15247
3681	15265
3682	18514
3683	18498
3684	15284
3685	15268
3686	18384
3687	18406
3688	15292
3689	15275
3690	18638
3691	18644
3692	15308
3693	15304
3694	18494
3695	18489
3696	15294
3697	15296
3698	18557
3699	18566
3700	15336
3701	15339
3702	18529
3703	18547
3704	15322
3705	15336
3706	18642
3707	18688
3708	15365
3709	15361
3710	18592
3711	18617
3712	15380
3713	15375
3714	18663
3715	18653
3716	15407
3717	15400
3718	18580
3719	18599
3720	15406
3721	15413
3722	18703
3723	18715
3724	15423
3725	15457
3726	18692
3727	18659
3728	15469
3729	15429
3730	18730
3731	18717
3732	15479
3733	15482
3734	18638
3735	18668
3736	15473
3737	15494
3738	18873
3739	18862
3740	15513
3741	15518
3742	18790
3743	18786
3744	15517
3745	15520
3746	18799
3747	18819
3748	15558
3749	15528
3750	18752
3751	18758
3752	15536
3753	15550
3754	18918
3755	18935
3756	15574
3757	15586
3758	18851
3759	18840
3760	15557
3761	15592
3762	18906
3763	18916
3764	15594
3765	15604
3766	18812
3767	18838
3768	15593
3769	15642
3770	19043
3771	19050
3772	15639
3773	15626
3774	18908
3775	18914
3776	15639
3777	15647
3778	18994
3779	19010
3780	15671
3781	15651
3782	18934
3783	18922
3784	15680
3785	15661
3786	19132
3787	19099
3788	15698
3789	15707
3790	18985
3791	19005
3792	15666
3793	15658
3794	19060
3795	19069
3796	15744
3797	15740
3798	19007
3799	18987
3800	15716
3801	15749
3802	19176
3803	19194
3804	15747
3805	15786
3806	19062
3807	19040
3808	15746
3809	15784
3810	19146
3811	19184
3812	15770
3813	15793
3814	19144
3815	19172
3816	15809
3817	15772
3818	19274
3819	19247
3820	15805
3821	15792
3822	19117
3823	19156
3824	15821
3825	15817
3826	19231
3827	19221
3828	15802
3829	15839
3830	19184
3831	19175
3832	15834
3833	15848
3834	19310
3835	19359
3836	15867
3837	15854
3838	19233
3839	19235
3840	15863
3841	15885
3842	19271
3843	19267
3844	15900
3845	15905
3846	19256
3847	19270
3848	15943
3849	15917
3850	19390
3851	19416
3852	15935
3853	15956
3854	19286
3855	19319
3856	15941
3857	15937
3858	19392
3859	19400
3860	15959
3861	15968
3862	19344
3863	19342
3864	15998
3865	15990
3866	19507
3867	19530
3868	15987
3869	15998
3870	19361
3871	19392
3872	15995
3873	16010
3874	19411
3875	19403
3876	16016
3877	16017
3878	19434
3879	19429
3880	16015
3881	16017
3882	19669
3883	19650
3884	16053
3885	16063
3886	19471
3887	19463
3888	16042
3889	16063
3890	19520
3891	19508
3892	16047
3893	16087
3894	19439
3895	19460
3896	16068
3897	16100
3898	19712
3899	19700
3900	16086
3901	16108
3902	19553
3903	19564
3904	16101
3905	16103
3906	19590
3907	19569
3908	16136
3909	16129
3910	19598
3911	19626
3912	16160
3913	16147
3914	19809
3915	19804
3916	16201
3917	16223
3918	19689
3919	19651
3920	16190
3921	16194
3922	19693
3923	19772
3924	16217
3925	16221
3926	19655
3927	19675
3928	16221
3929	16202
3930	19786
3931	19819
3932	16236
3933	16253
3934	19748
3935	19721
3936	16248
3937	16276
3938	19807
3939	19809
3940	16254
3941	16295
3942	19725
3943	19709
3944	16259
3945	16279
3946	19885
3947	19895
3948	16305
3949	16293
3950	19739
3951	19720
3952	16293
3953	16311
3954	19844
3955	19825
3956	16325
3957	16344
3958	19797
3959	19793
3960	16347
3961	16344
3962	19951
3963	19954
3964	16373
3965	16376
3966	19801
3967	19786
3968	16387
3969	16393
3970	19937
3971	19917
3972	16370
3973	16407
3974	19879
3975	19895
3976	16411
3977	16423
3978	20020
3979	20036
3980	16419
3981	16433
3982	19925
3983	19909
3984	16436
3985	16431
3986	20029
3987	20034
3988	16444
3989	16447
3990	20013
3991	20014
3992	16417
3993	16464
3994	20096
3995	20133
3996	16463
3997	16456
3998	19982
3999	19970
4000	16481
4001	16455
4002	20076
4003	20064
4004	16511
4005	16498
4006	20024
4007	20007
4008	16538
4009	16499
4010	20165
4011	20167
4012	16534
4013	16554
4014	20047
4015	20027
4016	16532
4017	16543
4018	20161
4019	20153
4020	16585
4021	16591
4022	20074
4023	20057
4024	16583
4025	16580
4026	20214
4027	20215
4028	16586
4029	16609
4030	20101
4031	20103
4032	16604
4033	16617
4034	20242
4035	20231
4036	16625
4037	16661
4038	20167
4039	20198
4040	16658
4041	16657
4042	20268
4043	20276
4044	16665
4045	16667
4046	20220
4047	20217
4048	16695
4049	16699
4050	20280
4051	20246
4052	16713
4053	16734
4054	20278
4055	20259
4056	16725
4057	16745
4058	20372
4059	20388
4060	16764
4061	16765
4062	20253
4063	20279
4064	16804
4065	16746
4066	20342
4067	20350
4068	16824
4069	16794
4070	20352
4071	20358
4072	16814
4073	16816
4074	20427
4075	20469
4076	16816
4077	16841
4078	20367
4079	20366
4080	16871
4081	16866
4082	20432
4083	20411
4084	16902
4085	16916
4086	20437
4087	20429
4088	16884
4089	16891
4090	20488
4091	20508
4092	16925
4093	16931
4094	20701
4095	20756
4096	16919
4097	16943
4098	20535
4099	20536
4100	16955
4101	16987
4102	20679
4103	20688
4104	16963
4105	16966
4106	20548
4107	20563
4108	16973
4109	16976
4110	20617
4111	20602
4112	16970
4113	16982
4114	20619
4115	20602
4116	17018
4117	16997
4118	20660
4119	20697
4120	16993
4121	16980
4122	20740
4123	20761
4124	17018
4125	17031
4126	20645
4127	20689
4128	17117
4129	17072
4130	20718
4131	20714
4132	17067
4133	17085
4134	20701
4135	20703
4136	17094
4137	17112
4138	20869
4139	20869
4140	17121
4141	17133
4142	20777
4143	20788
4144	17129
4145	17124
4146	20876
4147	20840
4148	17170
4149	17157
4150	20805
4151	20825
4152	17148
4153	17167
4154	20959
4155	20968
4156	17177
4157	17157
4158	20822
4159	20827
4160	17160
4161	17178
4162	20870
4163	20879
4164	17206
4165	17198
4166	20905
4167	20916
4168	17182
4169	17225
4170	21054
4171	21054
4172	17239
4173	17239
4174	20859
4175	20918
4176	17238
4177	17234
4178	20969
4179	20947
4180	17222
4181	17273
4182	20939
4183	20946
4184	17252
4185	17253
4186	21088
4187	21127
4188	17262
4189	17258
4190	20963
4191	20962
4192	17278
4193	17284
4194	21036
4195	21063
4196	17295
4197	17282
4198	21006
4199	21061
4200	17301
4201	17289
4202	21210
4203	21232
4204	17324
4205	17344
4206	21016
4207	21034
4208	17341
4209	17345
4210	21089
4211	21122
4212	17370
4213	17353
4214	21127
4215	21123
4216	17352
4217	17381
4218	21255
4219	21276
4220	17376
4221	17404
4222	21093
4223	21123
4224	17392
4225	17398
4226	21193
4227	21166
4228	17404
4229	17394
4230	21195
4231	21206
4232	17391
4233	17395
4234	21311
4235	21319
4236	17450
4237	17445
4238	21171
4239	21207
4240	17426
4241	17419
4242	21239
4243	21213
4244	17430
4245	17458
4246	21227
4247	21251
4248	17468
4249	17465
4250	21413
4251	21395
4252	17469
4253	17518
4254	21271
4255	21279
4256	17501
4257	17477
4258	21300
4259	21320
4260	17506
4261	17531
4262	21310
4263	21304
4264	17526
4265	17525
4266	21480
4267	21515
4268	17567
4269	17550
4270	21368
4271	21363
4272	17561
4273	17570
4274	21400
4275	21368
4276	17585
4277	17592
4278	21385
4279	21401
4280	17578
4281	17610
4282	21596
4283	21592
4284	17636
4285	17617
4286	21388
4287	21394
4288	17616
4289	17643
4290	21480
4291	21512
4292	17647
4293	17644
4294	21449
4295	21449
4296	17684
4297	17673
4298	21616
4299	21602
4300	17718
4301	17706
4302	21468
4303	21462
4304	17708
4305	17711
4306	21529
4307	21574
4308	17742
4309	17739
4310	21547
4311	21566
4312	17759
4313	17767
4314	21694
4315	21725
4316	17773
4317	17802
4318	21584
4319	21587
4320	17762
4321	17808
4322	21643
4323	21677
4324	17803
4325	17839
4326	21630
4327	21659
4328	17828
4329	17838
4330	21765
4331	21786
4332	17863
4333	17880
4334	21670
4335	21675
4336	17851
4337	17876
4338	21754
4339	21750
4340	17894
4341	17887
4342	21729
4343	21719
4344	17917
4345	17891
4346	21842
4347	21887
4348	17914
4349	17910
4350	21745
4351	21742
4352	17941
4353	17949
4354	21861
4355	21873
4356	17939
4357	17940
4358	21796
4359	21795
4360	17952
4361	17969
4362	21894
4363	21927
4364	17973
4365	17979
4366	21850
4367	21855
4368	17985
4369	17987
4370	21901
4371	21896
4372	17983
4373	17990
4374	21851
4375	21877
4376	18010
4377	18002
4378	21973
4379	21979
4380	18010
4381	18048
4382	21901
4383	21929
4384	18025
4385	18041
4386	21969
4387	21977
4388	18048
4389	18051
4390	21950
4391	21978
4392	18058
4393	18057
4394	22109
4395	22100
4396	18079
4397	18094
4398	22012
4399	22034
4400	18072
4401	18100
4402	22084
4403	22076
4404	18068
4405	18113
4406	22026
4407	22036
4408	18100
4409	18106
4410	22178
4411	22151
4412	18126
4413	18125
4414	22081
4415	22067
4416	18139
4417	18160
4418	22149
4419	22149
4420	18142
4421	18165
4422	22084
4423	22133
4424	18118
4425	18158
4426	22278
4427	22291
4428	18178
4429	18202
4430	22176
4431	22201
4432	18208
4433	18230
4434	22214
4435	22194
4436	18235
4437	18249
4438	22173
4439	22208
4440	18227
4441	18233
4442	22324
4443	22370
4444	18264
4445	18233
4446	22216
4447	22221
4448	18259
4449	18247
4450	22282
4451	22313
4452	18259
4453	18271
4454	22259
4455	22284
4456	18274
4457	18284
4458	22450
4459	22413
4460	18316
4461	18330
4462	22261
4463	22278
4464	18302
4465	18298
4466	22350
4467	22366
4468	18315
4469	18331
4470	22313
4471	22309
4472	18332
4473	18333
4474	22423
4475	22444
4476	18363
4477	18374
4478	22314
4479	22313
4480	18351
4481	18367
4482	22361
4483	22394
4484	18384
4485	18373
4486	22390
4487	22354
4488	18378
4489	18370
4490	22577
4491	22612
4492	18388
4493	18402
4494	22414
4495	22437
4496	18410
4497	18421
4498	22451
4499	22539
4500	18430
4501	18435
4502	22505
4503	22467
4504	18432
4505	18435
4506	22617
4507	22600
4508	18450
4509	18476
4510	22477
4511	22491
4512	18455
4513	18470
4514	22561
4515	22576
4516	18464
4517	18482
4518	22530
4519	22522
4520	18518
4521	18503
4522	22692
4523	22697
4524	18529
4525	18551
4526	22565
4527	22613
4528	18534
4529	18554
4530	22670
4531	22653
4532	18535
4533	18548
4534	22625
4535	22627
4536	18542
4537	18555
4538	22770
4539	22755
4540	18578
4541	18583
4542	22656
4543	22668
4544	18591
4545	18580
4546	22734
4547	22746
4548	18626
4549	18624
4550	22746
4551	22739
4552	18714
4553	18680
4554	22851
4555	22843
4556	18672
4557	18692
4558	22772
4559	22802
4560	18676
4561	18681
4562	22835
4563	22830
4564	18695
4565	18727
4566	22806
4567	22856
4568	18714
4569	18716
4570	22955
4571	22928
4572	18717
4573	18758
4574	22860
4575	22868
4576	18757
4577	18733
4578	22930
4579	22954
4580	18737
4581	18774
4582	22924
4583	22947
4584	18765
4585	18780
4586	23027
4587	23024
4588	18821
4589	18790
4590	22935
4591	22954
4592	18802
4593	18817
4594	23043
4595	23009
4596	18843
4597	18830
4598	22950
4599	22958
4600	18849
4601	18837
4602	23096
4603	23075
4604	18862
4605	18886
4606	23021
4607	23049
4608	18866
4609	18860
4610	23095
4611	23091
4612	18879
4613	18890
4614	23008
4615	23061
4616	18903
4617	18903
4618	23173
4619	23161
4620	18901
4621	18921
4622	23108
4623	23105
4624	18919
4625	18929
4626	23123
4627	23154
4628	18970
4629	18958
4630	23147
4631	23157
4632	18944
4633	18938
4634	23269
4635	23240
4636	18963
4637	18981
4638	23178
4639	23211
4640	18975
4641	18995
4642	23246
4643	23226
4644	19021
4645	19046
4646	23219
4647	23228
4648	19004
4649	19031
4650	23329
4651	23335
4652	19018
4653	19024
4654	23235
4655	23263
4656	19038
4657	19066
4658	23311
4659	23302
4660	19079
4661	19069
4662	23308
4663	23266
4664	19058
4665	19063
4666	23378
4667	23367
4668	19088
4669	19129
4670	23350
4671	23336
4672	19101
4673	19104
4674	23365
4675	23399
4676	19130
4677	19134
4678	23372
4679	23385
4680	19109
4681	19130
4682	23488
4683	23458
4684	19182
4685	19185
4686	23429
4687	23423
4688	19164
4689	19141
4690	23436
4691	23437
4692	19196
4693	19165
4694	23429
4695	23409
4696	19199
4697	19205
4698	23488
4699	23473
4700	19223
4701	19241
4702	23464
4703	23468
4704	19211
4705	19228
4706	23548
4707	23558
4708	19245
4709	19249
4710	23493
4711	23503
4712	19241
4713	19257
4714	23579
4715	23609
4716	19268
4717	19256
4718	23541
4719	23537
4720	19249
4721	19266
4722	23631
4723	23621
4724	19276
4725	19292
4726	23591
4727	23615
4728	19304
4729	19288
4730	23724
4731	23701
4732	19323
4733	19322
4734	23653
4735	23623
4736	19327
4737	19349
4738	23700
4739	23687
4740	19356
4741	19367
4742	23679
4743	23685
4744	19378
4745	19356
4746	23785
4747	23796
4748	19375
4749	19375
4750	23668
4751	23673
4752	19358
4753	19387
4754	23754
4755	23762
4756	19398
4757	19390
4758	23755
4759	23755
4760	19399
4761	19401
4762	23806
4763	23791
4764	19419
4765	19436
4766	23766
4767	23760
4768	19436
4769	19459
4770	23816
4771	23841
4772	19461
4773	19480
4774	23820
4775	23788
4776	19478
4777	19489
4778	23942
4779	23940
4780	19510
4781	19482
4782	23847
4783	23858
4784	19515
4785	19506
4786	23940
4787	23949
4788	19507
4789	19525
4790	23905
4791	23921
4792	19530
4793	19537
4794	24009
4795	23993
4796	19552
4797	19562
4798	23917
4799	23912
4800	19567
4801	19578
4802	23986
4803	24044
4804	19590
4805	19597
4806	23987
4807	24010
4808	19613
4809	19665
4810	24052
4811	24083
4812	19616
4813	19634
4814	23955
4815	23966
4816	19649
4817	19635
4818	24031
4819	24020
4820	19656
4821	19697
4822	24091
4823	24089
4824	19669
4825	19709
4826	24139
4827	24148
4828	19718
4829	19674
4830	24099
4831	24089
4832	19710
4833	19698
4834	24184
4835	24223
4836	19743
4837	19715
4838	24174
4839	24188
4840	19710
4841	19722
4842	24225
4843	24228
4844	19741
4845	19778
4846	24193
4847	24192
4848	19766
4849	19756
4850	24271
4851	24270
4852	19770
4853	19756
4854	24198
4855	24258
4856	19781
4857	19800
4858	24287
4859	24335
4860	19814
4861	19791
4862	24238
4863	24249
4864	19822
4865	19778
4866	24293
4867	24292
4868	19818
4869	19818
4870	24280
4871	24301
4872	19854
4873	19860
4874	24356
4875	24334
4876	19850
4877	19864
4878	24282
4879	24279
4880	19857
4881	19857
4882	24412
4883	24402
4884	19899
4885	19899
4886	24391
4887	24388
4888	19917
4889	19898
4890	24409
4891	24441
4892	19919
4893	19913
4894	24300
4895	24352
4896	19913
4897	19928
4898	24433
4899	24446
4900	19939
4901	19956
4902	24480
4903	24461
4904	19989
4905	19963
4906	24516
4907	24572
4908	19979
4909	19980
4910	24438
4911	24420
4912	19976
4913	19967
4914	24503
4915	24526
4916	19977
4917	19979
4918	24525
4919	24535
4920	19984
4921	20041
4922	24609
4923	24583
4924	20025
4925	20039
4926	24505
4927	24509
4928	20045
4929	20039
4930	24633
4931	24633
4932	20061
4933	20059
4934	24588
4935	24585
4936	20065
4937	20167
4938	24699
4939	24713
4940	20089
4941	20087
4942	24644
4943	24655
4944	20099
4945	20098
4946	24729
4947	24713
4948	20113
4949	20120
4950	24719
4951	24701
4952	20120
4953	20121
4954	24754
4955	24761
4956	20122
4957	20147
4958	24650
4959	24652
4960	20150
4961	20150
4962	24805
4963	24791
4964	20156
4965	20176
4966	24730
4967	24764
4968	20150
4969	20159
4970	24805
4971	24807
4972	20200
4973	20195
4974	24691
4975	24709
4976	20182
4977	20197
4978	24799
4979	24835
4980	20236
4981	20219
4982	24777
4983	24766
4984	20209
4985	20240
4986	24890
4987	24889
4988	20258
4989	20269
4990	24788
4991	24776
4992	20245
4993	20254
4994	24878
4995	24893
4996	20294
4997	20279
4998	24888
4999	24935
5000	20283
5001	20265
5002	25014
5003	25041
5004	20295
5005	20289
5006	24898
5007	24887
5008	20289
5009	20277
5010	24969
5011	25014
5012	20322
5013	20331
5014	25016
5015	25037
5016	20341
5017	20348
5018	25054
5019	25070
5020	20342
5021	20351
5022	24962
5023	24971
5024	20364
5025	20369
5026	25077
5027	25058
5028	20400
5029	20383
5030	25043
5031	25057
5032	20385
5033	20389
5034	25145
5035	25165
5036	20416
5037	20398
5038	25046
5039	25049
5040	20444
5041	20420
5042	25148
5043	25153
5044	20437
5045	20442
5046	25161
5047	25123
5048	20435
5049	20475
5050	25205
5051	25177
5052	20469
5053	20491
5054	25107
5055	25099
5056	20472
5057	20511
5058	25276
5059	25257
5060	20497
5061	20526
5062	25190
5063	25209
5064	20520
5065	20540
5066	25278
5067	25266
5068	20527
5069	20532
5070	25163
5071	25182
5072	20553
5073	20569
5074	25281
5075	25281
5076	20566
5077	20600
5078	25293
5079	25286
5080	20583
5081	20598
5082	25382
5083	25351
5084	20597
5085	20621
5086	25231
5087	25269
5088	20624
5089	20622
5090	25379
5091	25393
5092	20615
5093	20642
5094	25393
5095	25373
5096	20663
5097	20663
5098	25428
5099	25451
5100	20705
5101	20679
5102	25341
5103	25357
5104	20702
5105	20713
5106	25339
5107	25389
5108	20739
5109	20736
5110	25481
5111	25483
5112	20734
5113	20732
5114	25516
5115	25513
5116	20811
5117	20831
5118	25787
5119	25794
5120	20843
5121	20836
5122	25599
5123	25630
5124	20816
5125	20862
5126	25671
5127	25664
5128	20863
5129	20883
5130	25560
5131	25571
5132	20872
5133	20852
5134	25581
5135	25582
5136	20841
5137	20866
5138	25751
5139	25741
5140	20878
5141	20864
5142	25685
5143	25630
5144	20884
5145	20873
5146	25776
5147	25802
5148	20889
5149	20894
5150	25664
5151	25657
5152	20911
5153	20925
5154	25788
5155	25780
5156	20925
5157	20950
5158	25753
5159	25748
5160	20948
5161	20981
5162	25825
5163	25840
5164	20977
5165	20973
5166	25782
5167	25806
5168	20987
5169	21000
5170	25916
5171	25904
5172	21019
5173	21067
5174	25853
5175	25870
5176	21060
5177	21019
5178	25916
5179	25922
5180	21048
5181	21043
5182	25871
5183	25867
5184	21095
5185	21069
5186	26124
5187	26110
5188	21041
5189	21126
5190	26002
5191	25913
5192	21098
5193	21131
5194	26104
5195	26075
5196	21138
5197	21137
5198	26020
5199	25981
5200	21155
5201	21162
5202	26158
5203	26114
5204	21240
5205	21289
5206	26142
5207	26170
5208	21214
5209	21332
5210	26176
5211	26224
5212	21276
5213	21256
5214	26149
5215	26204
5216	21277
5217	21271
5218	26308
5219	26314
5220	21277
5221	21336
5222	26224
5223	26209
5224	21317
5225	21344
5226	26296
5227	26305
5228	21380
5229	21375
5230	26303
5231	26249
5232	21362
5233	21378
5234	26414
5235	26404
5236	21380
5237	21464
5238	26350
5239	26311
5240	21412
5241	21435
5242	26362
5243	26393
5244	21433
5245	21431
5246	26376
5247	26318
5248	21429
5249	21527
5250	26444
5251	26401
5252	21452
5253	21498
5254	26384
5255	26399
5256	21469
5257	21486
5258	26482
5259	26498
5260	21485
5261	21494
5262	26433
5263	26415
5264	21507
5265	21560
5266	26497
5267	26495
5268	21508
5269	21533
5270	26387
5271	26436
5272	21539
5273	21614
5274	26553
5275	26550
5276	21505
5277	21539
5278	26542
5279	26471
5280	21552
5281	21559
5282	26527
5283	26599
5284	21623
5285	21599
5286	26415
5287	26371
5288	21491
5289	21538
5290	26488
5291	26483
5292	21693
5293	21526
5294	26417
5295	26396
5296	21484
5297	21502
5298	26512
5299	26559
5300	21663
5301	21658
5302	26427
5303	26446
5304	21566
5305	21565
5306	26561
5307	26734
5308	22373
5309	21564
5310	26473
5311	26572
5312	21554
5313	21599
5314	26595
5315	26576
5316	21559
5317	21581
5318	26580
5319	26568
5320	21709
5321	21720
5322	26748
5323	26758
5324	21733
5325	21747
5326	26657
5327	26679
5328	21767
5329	21762
5330	26777
5331	26797
5332	21781
5333	21738
5334	26727
5335	26756
5336	21770
5337	21782
5338	26856
5339	26866
5340	21804
5341	21787
5342	26788
5343	26770
5344	21869
5345	21790
5346	26961
5347	26894
5348	21799
5349	21847
5350	26831
5351	26878
5352	21827
5353	21884
5354	26950
5355	26945
5356	21898
5357	21858
5358	26865
5359	26884
5360	21888
5361	21971
5362	26996
5363	27010
5364	21868
5365	21894
5366	26963
5367	26909
5368	21896
5369	21909
5370	27025
5371	27011
5372	21931
5373	21999
5374	26927
5375	26944
5376	21984
5377	21943
5378	27071
5379	27111
5380	21956
5381	21958
5382	26991
5383	27009
5384	21939
5385	22006
5386	27117
5387	27051
5388	22015
5389	21993
5390	27018
5391	27060
5392	21999
5393	22031
5394	27136
5395	27174
5396	22016
5397	21988
5398	26987
5399	26972
5400	21957
5401	21950
5402	27095
5403	27088
5404	21948
5405	21979
5406	26987
5407	26984
5408	22008
5409	21976
5410	27093
5411	27056
5412	21984
5413	21985
5414	27078
5415	27046
5416	22028
5417	22040
5418	27268
5419	27339
5420	22071
5421	22065
5422	27088
5423	27058
5424	22038
5425	22020
5426	27143
5427	27155
5428	22030
5429	22053
5430	27116
5431	27118
5432	22080
5433	22081
5434	27221
5435	27219
5436	22085
5437	22087
5438	27133
5439	27136
5440	22093
5441	22135
5442	27221
5443	27271
5444	22146
5445	22148
5446	27178
5447	27212
5448	22127
5449	22146
5450	27344
5451	27367
5452	22163
5453	22165
5454	27257
5455	27277
5456	22188
5457	22185
5458	27358
5459	27339
5460	22217
5461	22227
5462	27251
5463	27257
5464	22214
5465	22220
5466	27453
5467	27445
5468	22191
5469	22249
5470	27327
5471	27310
5472	22252
5473	22203
5474	27457
5475	27451
5476	22219
5477	22246
5478	27299
5479	27298
5480	22256
5481	22265
5482	27518
5483	27477
5484	22296
5485	22288
5486	27388
5487	27388
5488	22274
5489	22271
5490	27474
5491	27504
5492	22341
5493	22326
5494	27377
5495	27393
5496	22317
5497	22323
5498	27503
5499	27522
5500	22359
5501	22348
5502	27446
5503	27470
5504	22356
5505	22352
5506	27511
5507	27559
5508	22356
5509	22392
5510	27502
5511	27479
5512	22391
5513	22370
5514	27664
5515	27686
5516	22404
5517	22433
5518	27547
5519	27572
5520	22411
5521	22428
5522	27614
5523	27617
5524	22447
5525	22421
5526	27610
5527	27585
5528	22449
5529	22453
5530	27674
5531	27731
5532	22469
5533	22472
5534	27605
5535	27629
5536	22502
5537	22532
5538	27703
5539	27716
5540	22496
5541	22510
5542	27649
5543	27634
5544	22515
5545	22509
5546	27819
5547	27842
5548	22530
5549	22554
5550	27700
5551	27706
5552	22548
5553	22548
5554	27825
5555	27855
5556	22564
5557	22564
5558	27745