2;0,0000530000
3;0,0000010000
4;0,0000010000
5;0,0000010000
6;0,0000020000
7;0,0000030000
8;0,0000040000
9;0,0000040000
10;0,0000060000
11;0,0000070000
12;0,0000070000
13;0,0000090000
14;0,0000090000
15;0,0000110000
16;0,0000120000
17;0,0000140000
18;0,0000150000
19;0,0000170000
20;0,0000180000
21;0,0000200000
22;0,0000220000
23;0,0000240000
24;0,0000260000
25;0,0000280000
26;0,0000300000
27;0,0000320000
28;0,0000340000
29;0,0000370000
30;0,0000400000
31;0,0000420000
32;0,0000450000
33;0,0000470000
34;0,0000500000
35;0,0000530000
36;0,0000560000
37;0,0000590000
38;0,0000630000
39;0,0000650000
40;0,0000690000
41;0,0000710000
42;0,0000750000
43;0,0000790000
44;0,0000820000
45;0,0000860000
46;0,0000900000
47;0,0000940000
48;0,0000970000
49;0,0001010000
50;0,0001060000
51;0,0001090000
52;0,0001140000
53;0,0001180000
54;0,0001220000
55;0,0001270000
56;0,0001310000
57;0,0001350000
58;0,0001400000
59;0,0001450000
60;0,0001500000
61;0,0001550000
62;0,0001600000
63;0,0001650000
64;0,0001700000
65;0,0001770000
66;0,0001810000
67;0,0001870000
68;0,0001930000
69;0,0001980000
70;0,0002040000
71;0,0002100000
72;0,0002160000
73;0,0002220000
74;0,0002280000
75;0,0002330000
76;0,0002390000
77;0,0002450000
78;0,0002520000
79;0,0003740000
80;0,0002660000
81;0,0002720000
82;0,0002780000
83;0,0002860000
84;0,0002920000
85;0,0002990000
86;0,0003060000
87;0,0003130000
88;0,0003200000
89;0,0003270000
90;0,0003340000
91;0,0003420000
92;0,0003490000
93;0,0003570000
94;0,0003640000
95;0,0003710000
96;0,0003800000
97;0,0003880000
98;0,0003960000
99;0,0004030000
100;0,0004110000
101;0,0004200000
102;0,0004280000
103;0,0004360000
104;0,0004450000
105;0,0004530000
106;0,0004620000
107;0,0004700000
108;0,0004790000
109;0,0004880000
110;0,0004970000
111;0,0005060000
112;0,0005140000
113;0,0005230000
114;0,0005330000
115;0,0005420000
116;0,0005510000
117;0,0006110000
118;0,0005700000
119;0,0005810000
120;0,0005890000
121;0,0005990000
122;0,0006090000
123;0,0006200000
124;0,0006290000
125;0,0006400000
126;0,0006490000
127;0,0006590000
128;0,0006690000
129;0,0006790000
130;0,0006890000
131;0,0007000000
132;0,0007110000
133;0,0007210000
134;0,0007330000
135;0,0007430000
136;0,0007540000
137;0,0007650000
138;0,0007760000
139;0,0007870000
140;0,0007390000
141;0,0003090000
142;0,0003120000
143;0,0003170000
144;0,0003220000
145;0,0003260000
146;0,0003300000
147;0,0003350000
148;0,0003390000
149;0,0003440000
150;0,0003490000
151;0,0003530000
152;0,0003580000
153;0,0003620000
154;0,0003670000
155;0,0003720000
156;0,0003770000
157;0,0003810000
158;0,0003870000
159;0,0003910000
160;0,0003960000
161;0,0004010000
162;0,0004060000
163;0,0004110000
164;0,0004160000
165;0,0004210000
166;0,0004270000
167;0,0004320000
168;0,0004360000
169;0,0004420000
170;0,0004470000
171;0,0004520000
172;0,0004570000
173;0,0004630000
174;0,0004680000
175;0,0004740000
176;0,0004780000
177;0,0004850000
178;0,0005760000
179;0,0005170000
180;0,0005010000
181;0,0005060000
182;0,0005120000
183;0,0005180000
184;0,0005230000
185;0,0005280000
186;0,0005350000
187;0,0005400000
188;0,0005460000
189;0,0005520000
190;0,0005570000
191;0,0005630000
192;0,0005690000
193;0,0005750000
194;0,0005810000
195;0,0005870000
196;0,0005930000
197;0,0005990000
198;0,0006050000
199;0,0006110000
200;0,0006180000
201;0,0006230000
202;0,0006290000
203;0,0006360000
204;0,0006420000
205;0,0006480000
206;0,0006350000
207;0,0004210000
208;0,0004250000
209;0,0004290000
210;0,0004330000
211;0,0004370000
212;0,0004410000
213;0,0004450000
214;0,0004490000
215;0,0004530000
216;0,0004570000
217;0,0004620000
218;0,0004670000
219;0,0004710000
220;0,0004750000
221;0,0004790000
222;0,0004830000
223;0,0004880000
224;0,0004920000
225;0,0004960000
226;0,0005000000
227;0,0005050000
228;0,0005090000
229;0,0005140000
230;0,0005180000
231;0,0005230000
232;0,0005280000
233;0,0005620000
234;0,0005470000
235;0,0005410000
236;0,0005460000
237;0,0005510000
238;0,0006240000
239;0,0005600000
240;0,0005650000
241;0,0005700000
242;0,0005740000
243;0,0005790000
244;0,0005830000
245;0,0005890000
246;0,0005930000
247;0,0005970000
248;0,0006020000
249;0,0006070000
250;0,0006120000
251;0,0006170000
252;0,0006220000
253;0,0006270000
254;0,0006320000
255;0,0006370000
256;0,0006420000
257;0,0006460000
258;0,0006520000
259;0,0006560000
260;0,0006620000
261;0,0006670000
262;0,0006720000
263;0,0007190000
264;0,0006820000
265;0,0006880000
266;0,0006930000
267;0,0006980000
268;0,0007030000
269;0,0007080000
270;0,0007130000
271;0,0007190000
272;0,0007240000
273;0,0007300000
274;0,0007340000
275;0,0007400000
276;0,0007460000
277;0,0007520000
278;0,0007560000
279;0,0007620000
280;0,0007680000
281;0,0007730000
282;0,0007780000
283;0,0007840000
284;0,0008390000
285;0,0007940000
286;0,0008000000
287;0,0008060000
288;0,0008120000
289;0,0008180000
290;0,0008230000
291;0,0008280000
292;0,0008340000
293;0,0008400000
294;0,0008450000
295;0,0008510000
296;0,0008570000
297;0,0008630000
298;0,0008690000
299;0,0008740000
300;0,0008800000
301;0,0008870000
302;0,0008920000
303;0,0009400000
304;0,0009040000
305;0,0009100000
306;0,0009150000
307;0,0009210000
308;0,0009280000
309;0,0009340000
310;0,0009400000
311;0,0009450000
312;0,0009520000
313;0,0009580000
314;0,0009640000
315;0,0009700000
316;0,0009760000
317;0,0009830000
318;0,0009890000
319;0,0010630000
320;0,0010010000
321;0,0010080000
322;0,0010140000
323;0,0010200000
324;0,0010260000
325;0,0010320000
326;0,0010380000
327;0,0010450000
328;0,0010510000
329;0,0010580000
330;0,0010640000
331;0,0010700000
332;0,0010770000
333;0,0010840000
334;0,0011600000
335;0,0013610000
336;0,0011030000
337;0,0011100000
338;0,0011160000
339;0,0011230000
340;0,0011300000
341;0,0011360000
342;0,0011430000
343;0,0011490000
344;0,0011560000
345;0,0011620000
346;0,0011700000
347;0,0011770000
348;0,0012320000
349;0,0011900000
350;0,0011960000
351;0,0012040000
352;0,0012100000
353;0,0012170000
354;0,0012240000
355;0,0012310000
356;0,0012380000
357;0,0012450000
358;0,0012520000
359;0,0012580000
360;0,0013470000
361;0,0012720000
362;0,0012800000
363;0,0012870000
364;0,0012940000
365;0,0013010000
366;0,0013080000
367;0,0013150000
368;0,0013230000
369;0,0013290000
370;0,0013370000
371;0,0013440000
372;0,0013980000
373;0,0013590000
374;0,0013660000
375;0,0013730000
376;0,0013810000
377;0,0013880000
378;0,0013950000
379;0,0014020000
380;0,0014100000
381;0,0014170000
382;0,0014250000
383;0,0014820000
384;0,0014400000
385;0,0014470000
386;0,0014550000
387;0,0014620000
388;0,0015030000
389;0,0014770000
390;0,0015040000
391;0,0014930000
392;0,0015000000
393;0,0015070000
394;0,0015580000
395;0,0015230000
396;0,0015310000
397;0,0015390000
398;0,0015460000
399;0,0015540000
400;0,0015620000
401;0,0015700000
402;0,0015770000
403;0,0015840000
404;0,0017030000
405;0,0016010000
406;0,0016090000
407;0,0016170000
408;0,0016240000
409;0,0016320000
410;0,0016400000
411;0,0016490000
412;0,0016570000
413;0,0017110000
414;0,0016720000
415;0,0016800000
416;0,0016890000
417;0,0016970000
418;0,0017050000
419;0,0017130000
420;0,0017210000
421;0,0017290000
422;0,0017780000
423;0,0017460000
424;0,0017540000
425;0,0017620000
426;0,0017710000
427;0,0017780000
428;0,0017870000
429;0,0017950000
430;0,0018040000
431;0,0019740000
432;0,0018210000
433;0,0018300000
434;0,0018380000
435;0,0018460000
436;0,0018550000
437;0,0018630000
438;0,0018710000
439;0,0018800000
440;0,0019260000
441;0,0018970000
442;0,0019060000
443;0,0019150000
444;0,0019230000
445;0,0019310000
446;0,0019400000
447;0,0019480000
448;0,0021410000
449;0,0019660000
450;0,0019750000
451;0,0019840000
452;0,0019930000
453;0,0020020000
454;0,0020110000
455;0,0020700000
456;0,0020280000
457;0,0020360000
458;0,0020460000
459;0,0020550000
460;0,0020640000
461;0,0020730000
462;0,0020820000
463;0,0021220000
464;0,0020990000
465;0,0021080000
466;0,0021180000
467;0,0021270000
468;0,0021350000
469;0,0021450000
470;0,0021840000
471;0,0021630000
472;0,0021720000
473;0,0021810000
474;0,0021900000
475;0,0022000000
476;0,0022100000
477;0,0022710000
478;0,0022280000
479;0,0022380000
480;0,0022470000
481;0,0022550000
482;0,0022650000
483;0,0022750000
484;0,0024020000
485;0,0022940000
486;0,0023030000
487;0,0023120000
488;0,0023220000
489;0,0023310000
490;0,0023400000
491;0,0023890000
492;0,0023600000
493;0,0023690000
494;0,0023790000
495;0,0023890000
496;0,0023990000
497;0,0024780000
498;0,0024380000
499;0,0024270000
500;0,0024370000
501;0,0024470000
502;0,0024560000
503;0,0024660000
504;0,0025260000
505;0,0024860000
506;0,0024960000
507;0,0025050000
508;0,0025150000
509;0,0025240000
510;0,0025890000
511;0,0025450000
512;0,0025550000
513;0,0025650000
514;0,0025750000
515;0,0025850000
516;0,0026390000
517;0,0026050000
518;0,0026160000
519;0,0026260000
520;0,0026360000
521;0,0026460000
522;0,0029460000
523;0,0030260000
524;0,0026760000
525;0,0026860000
526;0,0026960000
527;0,0027070000
528;0,0027870000
529;0,0028230000
530;0,0032270000
531;0,0027950000
532;0,0028150000
533;0,0030130000
534;0,0027790000
535;0,0027890000
536;0,0027990000
537;0,0028100000
538;0,0029780000
539;0,0030550000
540;0,0030010000
541;0,0028510000
542;0,0028620000
543;0,0029150000
544;0,0029770000
545;0,0028930000
546;0,0029050000
547;0,0029160000
548;0,0029860000
549;0,0030900000
550;0,0030520000
551;0,0029580000
552;0,0029680000
553;0,0029800000
554;0,0031760000
555;0,0030020000
556;0,0030130000
557;0,0030240000
558;0,0030340000
559;0,0031100000
560;0,0032800000
561;0,0030660000
562;0,0030770000
563;0,0030880000
564;0,0031820000
565;0,0034240000
566;0,0031220000
567;0,0031320000
568;0,0031430000
569;0,0034430000
570;0,0032260000
571;0,0031760000
572;0,0031880000
573;0,0031990000
574;0,0034380000
575;0,0033330000
576;0,0032330000
577;0,0032440000
578;0,0032550000
579;0,0034810000
580;0,0032780000
581;0,0032890000
582;0,0033000000
583;0,0034140000
584;0,0035340000
585;0,0033770000
586;0,0033460000
587;0,0033570000
588;0,0039560000
589;0,0033800000
590;0,0034520000
591;0,0034020000
592;0,0035730000
593;0,0035780000
594;0,0034760000
595;0,0034490000
596;0,0034600000
597;0,0036940000
598;0,0034830000
599;0,0034950000
600;0,0035050000
601;0,0036800000
602;0,0035310000
603;0,0035420000
604;0,0035960000
605;0,0036730000
606;0,0036160000
607;0,0035890000
608;0,0036380000
609;0,0036130000
610;0,0037330000
611;0,0036360000
612;0,0036490000
613;0,0036600000
614;0,0037610000
615;0,0036840000
616;0,0036950000
617;0,0037070000
618;0,0038470000
619;0,0037320000
620;0,0037440000
621;0,0037570000
622;0,0038780000
623;0,0037800000
624;0,0037930000
625;0,0038050000
626;0,0039720000
627;0,0040270000
628;0,0038420000
629;0,0038530000
630;0,0039490000
631;0,0038880000
632;0,0038910000
633;0,0039020000
634;0,0040370000
635;0,0039270000
636;0,0039400000
637;0,0039510000
638;0,0040330000
639;0,0039970000
640;0,0039890000
641;0,0040020000
642;0,0041110000
643;0,0040470000
644;0,0040390000
645;0,0040520000
646;0,0041590000
647;0,0040970000
648;0,0040900000
649;0,0041020000
650;0,0041660000
651;0,0041470000
652;0,0041390000
653;0,0041950000
654;0,0041950000
655;0,0041970000
656;0,0041900000
657;0,0042700000
658;0,0042160000
659;0,0042290000
660;0,0042400000
661;0,0043810000
662;0,0042680000
663;0,0042810000
664;0,0043330000
665;0,0043060000
666;0,0043190000
667;0,0043320000
668;0,0045580000
669;0,0043590000
670;0,0043710000
671;0,0043840000
672;0,0045000000
673;0,0044100000
674;0,0045300000
675;0,0045170000
676;0,0044530000
677;0,0044630000
678;0,0044760000
679;0,0045700000
680;0,0045030000
681;0,0045160000
682;0,0045900000
683;0,0045420000
684;0,0045560000
685;0,0046560000
686;0,0045820000
687;0,0045960000
688;0,0046090000
689;0,0047090000
690;0,0046360000
691;0,0046490000
692;0,0047040000
693;0,0046760000
694;0,0046900000
695;0,0048250000
696;0,0048130000
697;0,0047300000
698;0,0047430000
699;0,0048370000
700;0,0047710000
701;0,0047840000
702;0,0048740000
703;0,0048120000
704;0,0048260000
705;0,0050450000
706;0,0048860000
707;0,0048660000
708;0,0049380000
709;0,0048940000
710;0,0049080000
711;0,0049220000
712;0,0049760000
713;0,0049500000
714;0,0049640000
715;0,0050330000
716;0,0049910000
717;0,0050050000
718;0,0050600000
719;0,0050320000
720;0,0050470000
721;0,0051350000
722;0,0050750000
723;0,0050900000
724;0,0052240000
725;0,0051170000
726;0,0051310000
727;0,0052360000
728;0,0051590000
729;0,0051740000
730;0,0052280000
731;0,0052020000
732;0,0052170000
733;0,0052900000
734;0,0052450000
735;0,0052590000
736;0,0053310000
737;0,0052870000
738;0,0053020000
739;0,0053640000
740;0,0053310000
741;0,0053450000
742;0,0054330000
743;0,0053740000
744;0,0053880000
745;0,0054750000
746;0,0054170000
747;0,0054650000
748;0,0054460000
749;0,0054610000
750;0,0054920000
751;0,0054900000
752;0,0055040000
753;0,0055970000
754;0,0055340000
755;0,0055490000
756;0,0056120000
757;0,0055780000
758;0,0055930000
759;0,0056550000
760;0,0056230000
761;0,0056370000
762;0,0056930000
763;0,0056670000
764;0,0057640000
765;0,0056960000
766;0,0057100000
767;0,0057640000
768;0,0057420000
769;0,0057570000
770;0,0060160000
771;0,0057860000
772;0,0058800000
773;0,0058160000
774;0,0058310000
775;0,0058980000
776;0,0058620000
777;0,0058770000
778;0,0059390000
779;0,0059070000
780;0,0059650000
781;0,0059370000
782;0,0059520000
783;0,0060620000
784;0,0059830000
785;0,0060600000
786;0,0060140000
787;0,0060280000
788;0,0062720000
789;0,0060590000
790;0,0060740000
791;0,0061600000
792;0,0061050000
793;0,0061640000
794;0,0061370000
795;0,0061520000
796;0,0066910000
797;0,0061830000
798;0,0062570000
799;0,0062140000
800;0,0062300000
801;0,0064890000
802;0,0062600000
803;0,0062940000
804;0,0062920000
805;0,0063080000
806;0,0063330000
807;0,0063390000
808;0,0064530000
809;0,0063710000
810;0,0064480000
811;0,0064000000
812;0,0064170000
813;0,0065300000
814;0,0064490000
815;0,0065790000
816;0,0064810000
817;0,0064970000
818;0,0065630000
819;0,0065270000
820;0,0066450000
821;0,0065600000
822;0,0066650000
823;0,0065950000
824;0,0066100000
825;0,0067210000
826;0,0066410000
827;0,0067300000
828;0,0067240000
829;0,0067840000
830;0,0069130000
831;0,0068060000
832;0,0067590000
833;0,0068720000
834;0,0069010000
835;0,0068560000
836;0,0068240000
837;0,0068430000
838;0,0068640000
839;0,0068880000
840;0,0069240000
841;0,0069690000
842;0,0069830000
843;0,0071100000
844;0,0073420000
845;0,0070020000
846;0,0070110000
847;0,0070660000
848;0,0071100000
849;0,0071010000
850;0,0071150000
851;0,0071270000
852;0,0070930000
853;0,0071070000
854;0,0071210000
855;0,0071780000
856;0,0072330000
857;0,0072000000
858;0,0072500000
859;0,0072310000
860;0,0072870000
861;0,0073030000
862;0,0074480000
863;0,0073330000
864;0,0073530000
865;0,0074100000
866;0,0073440000
867;0,0074000000
868;0,0076860000
869;0,0074050000
870;0,0074430000
871;0,0074550000
872;0,0074730000
873;0,0074980000
874;0,0075000000
875;0,0075540000
876;0,0075170000
877;0,0075820000
878;0,0075760000
879;0,0075450000
880;0,0075630000
881;0,0075760000
882;0,0076600000
883;0,0076740000
884;0,0076890000
885;0,0077100000
886;0,0077230000
887;0,0077380000
888;0,0079430000
889;0,0078400000
890;0,0078110000
891;0,0077910000
892;0,0077710000
893;0,0079500000
894;0,0078080000
895;0,0078210000
896;0,0078600000
897;0,0079220000
898;0,0079120000
899;0,0079460000
900;0,0079590000
901;0,0079850000
902;0,0080740000
903;0,0080210000
904;0,0080050000
905;0,0080930000
906;0,0080970000
907;0,0080320000
908;0,0080680000
909;0,0082210000
910;0,0081440000
911;0,0081280000
912;0,0081590000
913;0,0083690000
914;0,0082540000
915;0,0081710000
916;0,0081970000
917;0,0082400000
918;0,0083890000
919;0,0082760000
920;0,0083210000
921;0,0083370000
922;0,0084040000
923;0,0084020000
924;0,0084020000
925;0,0085680000
926;0,0084310000
927;0,0084660000
928;0,0085210000
929;0,0084250000
930;0,0084710000
931;0,0085180000
932;0,0087070000
933;0,0085720000
934;0,0085430000
935;0,0086550000
936;0,0086290000
937;0,0086180000
938;0,0086450000
939;0,0086720000
940;0,0087240000
941;0,0087770000
942;0,0086990000
943;0,0086900000
944;0,0086970000
945;0,0087850000
946;0,0087860000
947;0,0088190000
948;0,0088680000
949;0,0088870000
950;0,0089930000
951;0,0089090000
952;0,0089410000
953;0,0088890000
954;0,0090210000
955;0,0089760000
956;0,0090030000
957;0,0091160000
958;0,0089520000
959;0,0090580000
960;0,0090200000
961;0,0091550000
962;0,0090940000
963;0,0090500000
964;0,0091320000
965;0,0091320000
966;0,0091280000
967;0,0091540000
968;0,0092800000
969;0,0092040000
970;0,0093110000
971;0,0092840000
972;0,0092380000
973;0,0093550000
974;0,0092930000
975;0,0092800000
976;0,0092940000
977;0,0093200000
978;0,0094350000
979;0,0094450000
980;0,0094240000
981;0,0095830000
982;0,0094590000
983;0,0095360000
984;0,0096210000
985;0,0095200000
986;0,0095650000
987;0,0095510000
988;0,0096220000
989;0,0096400000
990;0,0096590000
991;0,0097430000
992;0,0096950000
993;0,0097440000
994;0,0098100000
995;0,0097380000
996;0,0098380000
997;0,0098030000
998;0,0097740000
999;0,0098750000
1000;0,0098860000
1001;0,0098930000
1002;0,0099340000
1003;0,0099130000
1004;0,0098830000
1005;0,0100280000
1006;0,0099770000
1007;0,0099930000
1008;0,0100150000
1009;0,0099970000
1010;0,0100570000
1011;0,0100990000
1012;0,0100400000
1013;0,0101760000
1014;0,0101340000
1015;0,0101380000
1016;0,0101760000
1017;0,0102020000
1018;0,0102380000
1019;0,0102600000
1020;0,0102670000
1021;0,0104460000
1022;0,0103350000
1023;0,0103570000
1024;0,0103610000
1025;0,0103780000
1026;0,0103220000
1027;0,0104350000
1028;0,0104530000
1029;0,0104210000
1030;0,0104530000
1031;0,0106310000
1032;0,0105030000
1033;0,0106180000
1034;0,0105030000
1035;0,0105890000
1036;0,0107210000
1037;0,0106110000
1038;0,0106400000
1039;0,0106150000
1040;0,0106270000
1041;0,0106970000
1042;0,0106860000
1043;0,0107470000
1044;0,0108960000
1045;0,0108320000
1046;0,0107690000
1047;0,0107920000
1048;0,0108410000
1049;0,0108250000
1050;0,0108790000
1051;0,0108680000
1052;0,0108700000
1053;0,0108800000
1054;0,0109440000
1055;0,0109370000
1056;0,0109730000
1057;0,0110760000
1058;0,0110810000
1059;0,0109410000
1060;0,0111260000
1061;0,0109420000
1062;0,0109830000
1063;0,0111010000
1064;0,0111230000
1065;0,0111120000
1066;0,0111480000
1067;0,0113140000
1068;0,0111850000
1069;0,0112600000
1070;0,0113050000
1071;0,0113830000
1072;0,0114410000
1073;0,0112150000
1074;0,0112590000
1075;0,0113230000
1076;0,0111970000
1077;0,0116400000
1078;0,0113690000
1079;0,0115120000
1080;0,0113060000
1081;0,0114000000
1082;0,0115580000
1083;0,0115450000
1084;0,0114970000
1085;0,0115430000
1086;0,0115780000
1087;0,0115910000
1088;0,0117590000
1089;0,0115970000
1090;0,0116440000
1091;0,0117630000
1092;0,0117730000
1093;0,0116570000
1094;0,0117690000
1095;0,0116380000
1096;0,0118320000
1097;0,0116600000
1098;0,0118000000
1099;0,0118090000
1100;0,0118990000
1101;0,0119210000
1102;0,0117600000
1103;0,0118260000
1104;0,0119700000
1105;0,0118770000
1106;0,0119180000
1107;0,0120530000
1108;0,0120960000
1109;0,0121490000
1110;0,0120740000
1111;0,0122300000
1112;0,0121230000
1113;0,0121260000
1114;0,0122220000
1115;0,0120950000
1116;0,0121320000
1117;0,0123080000
1118;0,0121290000
1119;0,0124930000
1120;0,0123030000
1121;0,0123550000
1122;0,0122110000
1123;0,0123620000
1124;0,0125120000
1125;0,0123830000
1126;0,0126520000
1127;0,0123950000
1128;0,0125240000
1129;0,0125300000
1130;0,0126990000
1131;0,0125360000
1132;0,0127140000
1133;0,0125600000
1134;0,0126070000
1135;0,0126390000
1136;0,0125930000
1137;0,0126860000
1138;0,0126960000
1139;0,0126030000
1140;0,0127020000
1141;0,0127260000
1142;0,0127820000
1143;0,0127850000
1144;0,0127850000
1145;0,0129800000
1146;0,0128070000
1147;0,0128950000
1148;0,0129870000
1149;0,0129490000
1150;0,0129070000
1151;0,0129820000
1152;0,0130840000
1153;0,0130650000
1154;0,0130370000
1155;0,0131410000
1156;0,0131840000
1157;0,0131990000
1158;0,0132020000
1159;0,0131720000
1160;0,0132280000
1161;0,0131840000
1162;0,0133430000
1163;0,0133450000
1164;0,0134170000
1165;0,0132220000
1166;0,0131830000
1167;0,0133640000
1168;0,0133200000
1169;0,0132720000
1170;0,0134040000
1171;0,0134420000
1172;0,0134010000
1173;0,0133200000
1174;0,0135490000
1175;0,0134380000
1176;0,0136580000
1177;0,0135480000
1178;0,0134120000
1179;0,0136790000
1180;0,0137510000
1181;0,0137750000
1182;0,0136430000
1183;0,0136630000
1184;0,0136810000
1185;0,0136990000
1186;0,0137220000
1187;0,0138150000
1188;0,0139050000
1189;0,0137660000
1190;0,0138520000
1191;0,0139520000
1192;0,0140200000
1193;0,0139870000
1194;0,0140160000
1195;0,0142020000
1196;0,0140950000
1197;0,0140150000
1198;0,0139640000
1199;0,0141510000
1200;0,0140850000
1201;0,0140980000
1202;0,0142290000
1203;0,0140670000
1204;0,0142970000
1205;0,0141800000
1206;0,0143350000
1207;0,0142660000
1208;0,0141990000
1209;0,0143780000
1210;0,0143650000
1211;0,0140590000
1212;0,0142760000
1213;0,0144110000
1214;0,0144090000
1215;0,0144900000
1216;0,0144910000
1217;0,0144400000
1218;0,0144260000
1219;0,0144780000
1220;0,0145030000
1221;0,0146510000
1222;0,0147060000
1223;0,0146990000
1224;0,0145780000
1225;0,0144630000
1226;0,0146920000
1227;0,0145920000
1228;0,0147110000
1229;0,0147590000
1230;0,0148430000
1231;0,0147760000
1232;0,0147350000
1233;0,0146640000
1234;0,0150900000
1235;0,0149770000
1236;0,0149650000
1237;0,0148380000
1238;0,0150340000
1239;0,0149410000
1240;0,0149260000
1241;0,0150290000
1242;0,0148550000
1243;0,0150700000
1244;0,0150330000
1245;0,0151200000
1246;0,0150630000
1247;0,0150490000
1248;0,0152310000
1249;0,0152420000
1250;0,0151490000
1251;0,0151110000
1252;0,0154020000
1253;0,0154250000
1254;0,0155110000
1255;0,0154730000
1256;0,0157640000
1257;0,0155430000
1258;0,0154630000
1259;0,0157480000
1260;0,0156280000
1261;0,0155840000
1262;0,0155460000
1263;0,0159410000
1264;0,0156270000
1265;0,0156900000
1266;0,0159600000
1267;0,0156990000
1268;0,0158320000
1269;0,0159830000
1270;0,0158710000
1271;0,0158490000
1272;0,0159770000
1273;0,0159440000
1274;0,0158660000
1275;0,0159840000
1276;0,0159430000
1277;0,0159810000
1278;0,0159320000
1279;0,0160090000
1280;0,0161050000
1281;0,0160820000
1282;0,0162270000
1283;0,0163230000
1284;0,0161060000
1285;0,0162430000
1286;0,0162270000
1287;0,0162040000
1288;0,0161800000
1289;0,0163890000
1290;0,0162220000
1291;0,0162250000
1292;0,0164080000
1293;0,0163210000
1294;0,0166170000
1295;0,0163160000
1296;0,0163220000
1297;0,0166380000
1298;0,0165090000
1299;0,0165240000
1300;0,0166110000
1301;0,0167220000
1302;0,0166320000
1303;0,0166090000
1304;0,0167130000
1305;0,0165760000
1306;0,0166750000
1307;0,0165490000
1308;0,0167730000
1309;0,0167400000
1310;0,0168880000
1311;0,0168160000
1312;0,0168440000
1313;0,0168630000
1314;0,0168180000
1315;0,0168680000
1316;0,0168480000
1317;0,0170590000
1318;0,0171890000
1319;0,0170250000
1320;0,0167730000
1321;0,0170700000
1322;0,0171330000
1323;0,0170570000
1324;0,0173620000
1325;0,0173350000
1326;0,0173620000
1327;0,0173490000
1328;0,0171660000
1329;0,0173980000
1330;0,0173410000
1331;0,0175120000
1332;0,0175310000
1333;0,0172380000
1334;0,0174590000
1335;0,0173380000
1336;0,0173900000
1337;0,0174260000
1338;0,0176070000
1339;0,0179740000
1340;0,0179320000
1341;0,0177360000
1342;0,0177490000
1343;0,0177040000
1344;0,0175130000
1345;0,0177000000
1346;0,0175880000
1347;0,0177580000
1348;0,0176160000
1349;0,0177470000
1350;0,0177500000
1351;0,0177210000
1352;0,0180760000
1353;0,0186810000
1354;0,0179960000
1355;0,0179490000
1356;0,0179540000
1357;0,0181200000
1358;0,0180060000
1359;0,0180680000
1360;0,0180520000
1361;0,0180300000
1362;0,0182110000
1363;0,0182290000
1364;0,0179410000
1365;0,0182420000
1366;0,0180650000
1367;0,0180210000
1368;0,0183460000
1369;0,0183900000
1370;0,0183240000
1371;0,0183550000
1372;0,0185780000
1373;0,0186540000
1374;0,0186160000
1375;0,0185410000
1376;0,0185290000
1377;0,0184900000
1378;0,0185720000
1379;0,0187210000
1380;0,0188460000
1381;0,0188430000
1382;0,0186960000
1383;0,0189560000
1384;0,0187980000
1385;0,0188420000
1386;0,0188150000
1387;0,0189510000
1388;0,0186820000
1389;0,0187270000
1390;0,0189090000
1391;0,0189160000
1392;0,0190530000
1393;0,0189380000
1394;0,0191940000
1395;0,0191550000
1396;0,0190660000
1397;0,0190590000
1398;0,0191710000
1399;0,0191540000
1400;0,0192360000
1401;0,0192790000
1402;0,0191500000
1403;0,0195140000
1404;0,0193490000
1405;0,0191900000
1406;0,0195120000
1407;0,0193270000
1408;0,0194800000
1409;0,0195010000
1410;0,0195690000
1411;0,0193140000
1412;0,0193840000
1413;0,0194270000
1414;0,0193120000
1415;0,0197360000
1416;0,0194030000
1417;0,0194950000
1418;0,0195760000
1419;0,0196980000
1420;0,0197250000
1421;0,0196820000
1422;0,0197460000
1423;0,0199030000
1424;0,0198480000
1425;0,0199060000
1426;0,0200830000
1427;0,0198060000
1428;0,0199180000
1429;0,0199420000
1430;0,0199610000
1431;0,0201870000
1432;0,0200960000
1433;0,0201290000
1434;0,0201730000
1435;0,0200950000
1436;0,0201780000
1437;0,0202070000
1438;0,0202140000
1439;0,0203870000
1440;0,0201790000
1441;0,0201740000
1442;0,0202060000
1443;0,0201020000
1444;0,0203560000
1445;0,0204330000
1446;0,0204360000
1447;0,0204980000
1448;0,0204650000
1449;0,0205330000
1450;0,0205240000
1451;0,0205930000
1452;0,0205900000
1453;0,0206190000
1454;0,0205740000
1455;0,0208370000
1456;0,0211090000
1457;0,0210800000
1458;0,0209260000
1459;0,0205770000
1460;0,0207540000
1461;0,0209430000
1462;0,0210240000
1463;0,0209340000
1464;0,0210160000
1465;0,0207830000
1466;0,0210640000
1467;0,0210380000
1468;0,0208050000
1469;0,0211370000
1470;0,0210470000
1471;0,0210370000
1472;0,0212630000
1473;0,0212950000
1474;0,0213140000
1475;0,0215810000
1476;0,0213990000
1477;0,0214170000
1478;0,0212140000
1479;0,0212650000
1480;0,0215280000
1481;0,0214420000
1482;0,0215880000
1483;0,0213710000
1484;0,0217080000
1485;0,0215430000
1486;0,0215100000
1487;0,0214860000
1488;0,0216950000
1489;0,0216710000
1490;0,0217790000
1491;0,0214020000
1492;0,0218820000
1493;0,0216100000
1494;0,0216720000
1495;0,0217160000
1496;0,0219260000
1497;0,0220870000
1498;0,0220490000
1499;0,0218510000
1500;0,0221190000
1501;0,0220700000
1502;0,0221830000
1503;0,0221740000
1504;0,0221910000
1505;0,0220280000
1506;0,0223800000
1507;0,0221470000
1508;0,0221660000
1509;0,0222110000
1510;0,0223820000
1511;0,0222340000
1512;0,0222840000
1513;0,0222490000
1514;0,0223880000
1515;0,0221520000
1516;0,0223750000
1517;0,0224690000
1518;0,0226100000
1519;0,0224990000
1520;0,0223680000
1521;0,0228250000
1522;0,0228030000
1523;0,0223290000
1524;0,0228060000
1525;0,0226390000
1526;0,0227330000
1527;0,0233470000
1528;0,0228200000
1529;0,0227630000
1530;0,0226730000
1531;0,0232090000
1532;0,0230710000
1533;0,0229530000
1534;0,0228590000
1535;0,0232270000
1536;0,0230240000
1537;0,0229360000
1538;0,0233370000
1539;0,0231620000
1540;0,0232540000
1541;0,0231360000
1542;0,0230360000
1543;0,0231710000
1544;0,0231460000
1545;0,0230600000
1546;0,0231530000
1547;0,0233100000
1548;0,0232880000
1549;0,0235100000
1550;0,0233290000
1551;0,0236030000
1552;0,0237530000
1553;0,0236840000
1554;0,0236090000
1555;0,0238660000
1556;0,0238070000
1557;0,0238410000
1558;0,0237060000
1559;0,0238170000
1560;0,0238040000
1561;0,0237780000
1562;0,0239930000
1563;0,0238810000
1564;0,0239610000
1565;0,0240490000
1566;0,0240470000
1567;0,0241740000
1568;0,0239030000
1569;0,0241520000
1570;0,0246120000
1571;0,0242210000
1572;0,0240640000
1573;0,0243660000
1574;0,0243950000
1575;0,0244530000
1576;0,0244630000
1577;0,0244170000
1578;0,0244260000
1579;0,0243880000
1580;0,0244280000
1581;0,0245880000
1582;0,0246850000
1583;0,0244240000
1584;0,0247010000
1585;0,0246510000
1586;0,0246830000
1587;0,0248550000
1588;0,0251050000
1589;0,0249520000
1590;0,0250090000
1591;0,0249530000
1592;0,0250810000
1593;0,0247970000
1594;0,0248240000
1595;0,0249430000
1596;0,0247520000
1597;0,0247180000
1598;0,0250090000
1599;0,0251200000
1600;0,0251060000
1601;0,0249420000
1602;0,0250330000
1603;0,0251910000
1604;0,0251890000
1605;0,0251270000
1606;0,0249380000
1607;0,0253250000
1608;0,0254290000
1609;0,0253750000
1610;0,0255630000
1611;0,0253570000
1612;0,0256370000
1613;0,0255460000
1614;0,0256260000
1615;0,0255080000
1616;0,0256980000
1617;0,0255050000
1618;0,0255490000
1619;0,0258850000
1620;0,0259080000
1621;0,0256610000
1622;0,0262350000
1623;0,0257030000
1624;0,0258390000
1625;0,0260200000
1626;0,0258610000
1627;0,0259830000
1628;0,0260690000
1629;0,0259410000
1630;0,0259780000
1631;0,0260670000
1632;0,0259880000
1633;0,0260500000
1634;0,0261240000
1635;0,0263380000
1636;0,0259680000
1637;0,0262040000
1638;0,0260730000
1639;0,0263180000
1640;0,0260580000
1641;0,0262510000
1642;0,0263380000
1643;0,0264310000
1644;0,0264240000
1645;0,0263540000
1646;0,0263230000
1647;0,0267250000
1648;0,0266170000
1649;0,0268190000
1650;0,0265320000
1651;0,0266740000
1652;0,0267010000
1653;0,0268870000
1654;0,0268310000
1655;0,0265290000
1656;0,0267210000
1657;0,0269280000
1658;0,0269380000
1659;0,0268120000
1660;0,0268820000
1661;0,0271220000
1662;0,0272130000
1663;0,0269890000
1664;0,0269430000
1665;0,0272980000
1666;0,0274450000
1667;0,0271640000
1668;0,0273200000
1669;0,0272200000
1670;0,0273650000
1671;0,0272780000
1672;0,0275460000
1673;0,0274030000
1674;0,0276140000
1675;0,0276410000
1676;0,0276160000
1677;0,0278330000
1678;0,0274210000
1679;0,0277210000
1680;0,0276870000
1681;0,0275390000
1682;0,0277180000
1683;0,0277810000
1684;0,0277190000
1685;0,0281320000
1686;0,0277050000
1687;0,0278380000
1688;0,0280260000
1689;0,0278810000
1690;0,0278480000
1691;0,0278450000
1692;0,0281790000
1693;0,0284110000
1694;0,0284430000
1695;0,0282000000
1696;0,0281840000
1697;0,0282850000
1698;0,0284210000
1699;0,0284970000
1700;0,0284920000
1701;0,0287650000
1702;0,0287950000
1703;0,0287090000
1704;0,0289750000
1705;0,0286700000
1706;0,0284920000
1707;0,0285010000
1708;0,0285530000
1709;0,0286460000
1710;0,0285970000
1711;0,0286960000
1712;0,0298210000
1713;0,0288430000
1714;0,0287240000
1715;0,0290490000
1716;0,0287570000
1717;0,0288650000
1718;0,0288580000
1719;0,0291070000
1720;0,0291780000
1721;0,0290600000
1722;0,0290640000
1723;0,0290860000
1724;0,0290280000
1725;0,0292880000
1726;0,0291510000
1727;0,0293940000
1728;0,0295010000
1729;0,0291040000
1730;0,0291490000
1731;0,0292510000
1732;0,0292120000
1733;0,0291240000
1734;0,0292140000
1735;0,0295230000
1736;0,0295500000
1737;0,0295500000
1738;0,0295690000
1739;0,0294960000
1740;0,0295050000
1741;0,0295560000
1742;0,0295460000
1743;0,0295750000
1744;0,0295340000
1745;0,0299670000
1746;0,0297440000
1747;0,0298200000
1748;0,0300900000
1749;0,0299900000
1750;0,0298440000
1751;0,0299170000
1752;0,0301750000
1753;0,0301140000
1754;0,0306600000
1755;0,0301030000
1756;0,0300420000
1757;0,0303660000
1758;0,0305170000
1759;0,0302950000
1760;0,0302550000
1761;0,0305010000
1762;0,0306850000
1763;0,0303320000
1764;0,0301450000
1765;0,0305230000
1766;0,0304840000
1767;0,0305160000
1768;0,0305410000
1769;0,0305580000
1770;0,0306650000
1771;0,0306020000
1772;0,0307170000
1773;0,0306160000
1774;0,0307890000
1775;0,0308880000
1776;0,0304570000
1777;0,0306690000
1778;0,0309700000
1779;0,0309740000
1780;0,0309870000
1781;0,0309030000
1782;0,0312420000
1783;0,0310650000
1784;0,0310690000
1785;0,0313480000
1786;0,0313040000
1787;0,0312190000
1788;0,0312860000
1789;0,0311580000
1790;0,0314240000
1791;0,0313210000
1792;0,0315640000
1793;0,0310470000
1794;0,0316180000
1795;0,0314790000
1796;0,0314880000
1797;0,0313620000
1798;0,0317260000
1799;0,0317770000
1800;0,0316740000
1801;0,0318560000
1802;0,0316510000
1803;0,0317060000
1804;0,0319790000
1805;0,0317540000
1806;0,0317370000
1807;0,0317490000
1808;0,0320380000
1809;0,0321000000
1810;0,0320130000
1811;0,0319440000
1812;0,0320190000
1813;0,0318850000
1814;0,0320520000
1815;0,0319470000
1816;0,0322500000
1817;0,0325490000
1818;0,0325950000
1819;0,0323380000
1820;0,0324030000
1821;0,0323650000
1822;0,0323690000
1823;0,0324300000
1824;0,0325750000
1825;0,0325830000
1826;0,0326530000
1827;0,0325160000
1828;0,0321910000
1829;0,0324990000
1830;0,0329880000
1831;0,0326140000
1832;0,0330340000
1833;0,0331220000
1834;0,0328050000
1835;0,0329390000
1836;0,0330330000
1837;0,0331470000
1838;0,0326900000
1839;0,0328580000
1840;0,0332680000
1841;0,0332940000
1842;0,0330530000
1843;0,0331270000
1844;0,0333770000
1845;0,0330720000
1846;0,0333380000
1847;0,0334200000
1848;0,0332820000
1849;0,0335420000
1850;0,0336220000
1851;0,0336910000
1852;0,0339660000
1853;0,0336880000
1854;0,0333670000
1855;0,0338420000
1856;0,0337810000
1857;0,0337620000
1858;0,0336230000
1859;0,0337590000
1860;0,0337210000
1861;0,0337880000
1862;0,0343380000
1863;0,0342360000
1864;0,0345010000
1865;0,0339660000
1866;0,0341500000
1867;0,0339210000
1868;0,0342190000
1869;0,0342430000
1870;0,0344380000
1871;0,0341930000
1872;0,0342600000
1873;0,0344480000
1874;0,0345440000
1875;0,0344560000
1876;0,0345330000
1877;0,0348020000
1878;0,0348800000
1879;0,0348140000
1880;0,0346110000
1881;0,0347600000
1882;0,0346710000
1883;0,0347730000
1884;0,0348370000
1885;0,0349860000
1886;0,0348300000
1887;0,0346910000
1888;0,0349070000
1889;0,0348880000
1890;0,0350780000
1891;0,0351900000
1892;0,0350390000
1893;0,0353560000
1894;0,0348640000
1895;0,0346740000
1896;0,0352080000
1897;0,0349420000
1898;0,0353240000
1899;0,0352300000
1900;0,0352790000
1901;0,0353150000
1902;0,0355430000
1903;0,0352960000
1904;0,0351480000
1905;0,0357100000
1906;0,0354160000
1907;0,0356560000
1908;0,0357710000
1909;0,0352480000
1910;0,0355460000
1911;0,0358240000
1912;0,0361450000
1913;0,0357440000
1914;0,0356150000
1915;0,0355490000
1916;0,0357300000
1917;0,0360540000
1918;0,0361430000
1919;0,0360290000
1920;0,0359750000
1921;0,0358250000
1922;0,0363420000
1923;0,0358490000
1924;0,0361890000
1925;0,0361690000
1926;0,0363790000
1927;0,0362810000
1928;0,0364430000
1929;0,0362350000
1930;0,0362930000
1931;0,0363240000
1932;0,0362500000
1933;0,0368910000
1934;0,0362440000
1935;0,0365150000
1936;0,0367190000
1937;0,0367910000
1938;0,0366460000
1939;0,0366220000
1940;0,0368500000
1941;0,0372490000
1942;0,0366410000
1943;0,0369750000
1944;0,0368870000
1945;0,0369730000
1946;0,0374060000
1947;0,0376520000
1948;0,0372780000
1949;0,0371650000
1950;0,0373060000
1951;0,0372810000
1952;0,0375550000
1953;0,0371960000
1954;0,0374410000
1955;0,0373160000
1956;0,0374040000
1957;0,0374410000
1958;0,0373020000
1959;0,0377400000
1960;0,0379400000
1961;0,0378400000
1962;0,0376240000
1963;0,0377380000
1964;0,0375720000
1965;0,0380000000
1966;0,0377760000
1967;0,0381040000
1968;0,0377130000
1969;0,0378810000
1970;0,0378740000
1971;0,0376810000
1972;0,0382710000
1973;0,0379550000
1974;0,0381810000
1975;0,0382320000
1976;0,0378900000
1977;0,0381160000
1978;0,0380660000
1979;0,0382170000
1980;0,0384150000
1981;0,0382000000
1982;0,0383110000
1983;0,0382310000
1984;0,0384750000
1985;0,0385520000
1986;0,0388910000
1987;0,0385620000
1988;0,0389960000
1989;0,0385240000
1990;0,0387580000
1991;0,0387420000
1992;0,0388650000
1993;0,0390330000
1994;0,0387850000
1995;0,0390980000
1996;0,0391060000
1997;0,0388610000
1998;0,0390130000
1999;0,0391050000
2000;0,0389970000
2001;0,0393470000
2002;0,0389320000
2003;0,0392410000
2004;0,0393200000
2005;0,0392350000
2006;0,0393010000
2007;0,0392550000
2008;0,0395070000
2009;0,0394160000
2010;0,0396010000
2011;0,0396600000
2012;0,0396000000
2013;0,0396800000
2014;0,0396250000
2015;0,0395010000
2016;0,0399810000
2017;0,0398470000
2018;0,0396280000
2019;0,0397160000
2020;0,0398030000
2021;0,0396880000
2022;0,0399510000
2023;0,0399500000
2024;0,0403290000
2025;0,0403370000
2026;0,0402050000
2027;0,0400450000
2028;0,0402190000
2029;0,0402090000
2030;0,0402890000
2031;0,0403280000
2032;0,0403790000
2033;0,0401460000
2034;0,0405450000
2035;0,0403400000
2036;0,0406550000
2037;0,0409510000
2038;0,0411790000
2039;0,0407530000
2040;0,0409010000
2041;0,0406770000
2042;0,0408780000
2043;0,0407730000
2044;0,0413050000
2045;0,0404930000
2046;0,0408790000
2047;0,0407150000
2048;0,0406490000
2049;0,0412730000
2050;0,0408560000
2051;0,0408990000
2052;0,0411000000
2053;0,0408610000
2054;0,0413440000
2055;0,0406910000
2056;0,0414370000
2057;0,0411730000
2058;0,0410460000
2059;0,0412120000
2060;0,0411260000
2061;0,0413190000
2062;0,0413970000
2063;0,0416340000
2064;0,0416600000
2065;0,0415950000
2066;0,0415660000
2067;0,0411680000
2068;0,0414640000
2069;0,0407740000
2070;0,0415210000
2071;0,0414570000
2072;0,0409430000
2073;0,0413400000
2074;0,0408570000
2075;0,0416990000
2076;0,0418900000
2077;0,0409800000
2078;0,0416510000
2079;0,0411080000
2080;0,0413850000
2081;0,0417300000
2082;0,0413710000
2083;0,0413340000
2084;0,0416010000
2085;0,0419710000
2086;0,0413820000
2087;0,0419950000
2088;0,0418300000
2089;0,0426290000
2090;0,0426420000
2091;0,0421280000
2092;0,0429700000
2093;0,0430000000
2094;0,0429860000
2095;0,0427060000
2096;0,0428420000
2097;0,0432600000
2098;0,0432580000
2099;0,0430730000
2100;0,0433080000
2101;0,0432450000
2102;0,0433560000
2103;0,0433780000
2104;0,0431090000
2105;0,0432670000
2106;0,0436440000
2107;0,0434960000
2108;0,0433390000
2109;0,0437010000
2110;0,0431880000
2111;0,0437470000
2112;0,0436720000
2113;0,0437010000
2114;0,0435690000
2115;0,0432670000
2116;0,0437020000
2117;0,0438010000
2118;0,0439010000
2119;0,0437710000
2120;0,0441760000
2121;0,0439650000
2122;0,0444620000
2123;0,0439780000
2124;0,0444010000
2125;0,0438410000
2126;0,0442180000
2127;0,0441310000
2128;0,0442230000
2129;0,0444540000
2130;0,0438510000
2131;0,0438390000
2132;0,0444180000
2133;0,0450570000
2134;0,0445850000
2135;0,0446260000
2136;0,0443970000
2137;0,0447670000
2138;0,0443760000
2139;0,0443360000
2140;0,0447100000
2141;0,0447150000
2142;0,0450540000
2143;0,0451520000
2144;0,0448660000
2145;0,0445900000
2146;0,0451560000
2147;0,0448220000
2148;0,0452420000
2149;0,0450220000
2150;0,0451100000
2151;0,0452140000
2152;0,0451180000
2153;0,0455920000
2154;0,0456200000
2155;0,0455480000
2156;0,0456150000
2157;0,0455450000
2158;0,0456200000
2159;0,0456450000
2160;0,0458980000
2161;0,0458070000
2162;0,0455290000
2163;0,0454420000
2164;0,0458580000
2165;0,0455670000
2166;0,0458550000
2167;0,0453700000
2168;0,0459040000
2169;0,0456450000
2170;0,0453360000
2171;0,0457950000
2172;0,0457030000
2173;0,0462360000
2174;0,0460790000
2175;0,0461650000
2176;0,0463290000
2177;0,0463090000
2178;0,0462560000
2179;0,0461340000
2180;0,0461600000
2181;0,0461760000
2182;0,0461020000
2183;0,0463280000
2184;0,0464080000
2185;0,0465510000
2186;0,0469980000
2187;0,0469380000
2188;0,0466270000
2189;0,0466680000
2190;0,0469370000
2191;0,0465440000
2192;0,0468930000
2193;0,0472780000
2194;0,0470020000
2195;0,0472500000
2196;0,0471750000
2197;0,0475240000
2198;0,0474330000
2199;0,0474320000
2200;0,0475910000
2201;0,0472800000
2202;0,0472330000
2203;0,0471920000
2204;0,0470520000
2205;0,0469340000
2206;0,0468850000
2207;0,0470910000
2208;0,0478550000
2209;0,0469460000
2210;0,0475460000
2211;0,0473510000
2212;0,0474670000
2213;0,0473650000
2214;0,0475130000
2215;0,0473320000
2216;0,0477710000
2217;0,0478460000
2218;0,0479070000
2219;0,0478350000
2220;0,0479460000
2221;0,0476880000
2222;0,0474350000
2223;0,0477010000
2224;0,0486890000
2225;0,0484580000
2226;0,0485660000
2227;0,0486430000
2228;0,0485280000
2229;0,0486620000
2230;0,0487440000
2231;0,0492520000
2232;0,0488520000
2233;0,0486990000
2234;0,0489730000
2235;0,0485940000
2236;0,0491570000
2237;0,0486220000
2238;0,0489820000
2239;0,0494380000
2240;0,0493250000
2241;0,0490310000
2242;0,0493830000
2243;0,0489860000
2244;0,0494980000
2245;0,0494380000
2246;0,0491890000
2247;0,0492600000
2248;0,0494680000
2249;0,0496170000
2250;0,0497170000
2251;0,0494860000
2252;0,0496330000
2253;0,0496180000
2254;0,0498900000
2255;0,0497020000
2256;0,0496860000
2257;0,0497430000
2258;0,0499740000
2259;0,0503920000
2260;0,0501600000
2261;0,0503630000
2262;0,0499040000
2263;0,0500850000
2264;0,0498060000
2265;0,0507010000
2266;0,0498920000
2267;0,0501990000
2268;0,0502770000
2269;0,0500220000
2270;0,0500780000
2271;0,0505470000
2272;0,0503630000
2273;0,0506130000
2274;0,0506730000
2275;0,0505970000
2276;0,0506720000
2277;0,0508530000
2278;0,0505990000
2279;0,0506500000
2280;0,0507670000
2281;0,0511700000
2282;0,0505490000
2283;0,0512190000
2284;0,0505900000
2285;0,0508060000
2286;0,0510080000
2287;0,0513060000
2288;0,0512570000
2289;0,0520420000
2290;0,0513750000
2291;0,0509080000
2292;0,0508870000
2293;0,0510380000
2294;0,0516150000
2295;0,0511750000
2296;0,0514260000
2297;0,0514210000
2298;0,0514430000
2299;0,0511960000
2300;0,0517850000
2301;0,0521470000
2302;0,0515400000
2303;0,0515510000
2304;0,0519550000
2305;0,0520600000
2306;0,0518410000
2307;0,0519090000
2308;0,0519600000
2309;0,0520610000
2310;0,0518180000
2311;0,0517150000
2312;0,0517170000
2313;0,0515340000
2314;0,0515860000
2315;0,0519080000
2316;0,0519950000
2317;0,0522210000
2318;0,0524340000
2319;0,0528560000
2320;0,0523430000
2321;0,0524110000
2322;0,0524930000
2323;0,0526990000
2324;0,0529390000
2325;0,0530120000
2326;0,0524550000
2327;0,0528480000
2328;0,0527880000
2329;0,0528750000
2330;0,0531200000
2331;0,0528920000
2332;0,0528690000
2333;0,0531210000
2334;0,0533030000
2335;0,0529090000
2336;0,0529180000
2337;0,0533130000
2338;0,0537460000
2339;0,0530470000
2340;0,0534560000
2341;0,0532660000
2342;0,0535460000
2343;0,0535890000
2344;0,0536590000
2345;0,0539080000
2346;0,0539120000
2347;0,0539120000
2348;0,0539180000
2349;0,0538340000
2350;0,0541400000
2351;0,0539270000
2352;0,0541190000
2353;0,0543390000
2354;0,0541060000
2355;0,0544600000
2356;0,0544130000
2357;0,0543750000
2358;0,0540620000
2359;0,0542830000
2360;0,0545970000
2361;0,0541200000
2362;0,0543040000
2363;0,0542120000
2364;0,0543700000
2365;0,0545490000
2366;0,0545080000
2367;0,0544530000
2368;0,0546680000
2369;0,0542700000
2370;0,0549380000
2371;0,0548640000
2372;0,0548630000
2373;0,0545510000
2374;0,0546950000
2375;0,0554910000
2376;0,0552740000
2377;0,0552520000
2378;0,0553340000
2379;0,0552660000
2380;0,0552330000
2381;0,0559660000
2382;0,0557500000
2383;0,0554880000
2384;0,0550390000
2385;0,0553240000
2386;0,0558560000
2387;0,0555720000
2388;0,0553630000
2389;0,0550850000
2390;0,0556320000
2391;0,0556100000
2392;0,0557950000
2393;0,0563920000
2394;0,0558460000
2395;0,0558040000
2396;0,0560100000
2397;0,0557090000
2398;0,0561590000
2399;0,0565600000
2400;0,0565760000
2401;0,0569210000
2402;0,0566030000
2403;0,0564080000
2404;0,0560150000
2405;0,0566290000
2406;0,0560290000
2407;0,0567370000
2408;0,0564470000
2409;0,0565510000
2410;0,0568250000
2411;0,0567810000
2412;0,0566570000
2413;0,0567860000
2414;0,0575030000
2415;0,0570660000
2416;0,0567800000
2417;0,0566700000
2418;0,0569430000
2419;0,0568180000
2420;0,0573920000
2421;0,0568830000
2422;0,0571120000
2423;0,0572870000
2424;0,0569810000
2425;0,0572520000
2426;0,0570760000
2427;0,0574040000
2428;0,0575950000
2429;0,0571300000
2430;0,0572560000
2431;0,0570700000
2432;0,0573220000
2433;0,0571310000
2434;0,0574790000
2435;0,0576050000
2436;0,0577690000
2437;0,0575860000
2438;0,0575560000
2439;0,0577480000
2440;0,0578150000
2441;0,0582650000
2442;0,0582170000
2443;0,0581050000
2444;0,0580730000
2445;0,0587780000
2446;0,0583400000
2447;0,0583170000
2448;0,0586270000
2449;0,0582100000
2450;0,0584410000
2451;0,0584300000
2452;0,0586630000
2453;0,0588760000
2454;0,0584930000
2455;0,0587030000
2456;0,0586060000
2457;0,0586860000
2458;0,0588140000
2459;0,0588740000
2460;0,0589970000
2461;0,0591130000
2462;0,0592270000
2463;0,0592190000
2464;0,0590740000
2465;0,0589140000
2466;0,0588450000
2467;0,0594350000
2468;0,0590730000
2469;0,0590780000
2470;0,0595810000
2471;0,0594270000
2472;0,0596140000
2473;0,0596860000
2474;0,0592840000
2475;0,0594850000
2476;0,0596310000
2477;0,0597530000
2478;0,0593410000
2479;0,0597700000
2480;0,0600470000
2481;0,0603200000
2482;0,0597180000
2483;0,0603090000
2484;0,0599170000
2485;0,0600000000
2486;0,0600120000
2487;0,0600480000
2488;0,0600770000
2489;0,0601490000
2490;0,0605420000
2491;0,0601320000
2492;0,0598480000
2493;0,0606810000
2494;0,0605760000
2495;0,0608830000
2496;0,0608510000
2497;0,0604300000
2498;0,0608750000
2499;0,0606650000
2500;0,0605830000
2501;0,0607920000
2502;0,0611210000
2503;0,0611340000
2504;0,0611810000
2505;0,0611270000
2506;0,0611660000
2507;0,0606770000
2508;0,0610920000
2509;0,0612680000
2510;0,0612160000
2511;0,0614130000
2512;0,0616510000
2513;0,0615080000
2514;0,0612500000
2515;0,0614320000
2516;0,0614410000
2517;0,0615050000
2518;0,0616170000
2519;0,0621540000
2520;0,0620480000
2521;0,0619200000
2522;0,0614130000
2523;0,0618400000
2524;0,0617230000
2525;0,0619570000
2526;0,0625650000
2527;0,0621670000
2528;0,0624720000
2529;0,0626750000
2530;0,0618410000
2531;0,0625750000
2532;0,0623680000
2533;0,0616410000
2534;0,0625800000
2535;0,0620840000
2536;0,0627200000
2537;0,0625180000
2538;0,0624700000
2539;0,0626440000
2540;0,0625540000
2541;0,0626270000
2542;0,0629930000
2543;0,0632700000
2544;0,0632410000
2545;0,0631830000
2546;0,0629490000
2547;0,0630510000
2548;0,0630740000
2549;0,0634560000
2550;0,0632150000
2551;0,0641120000
2552;0,0639370000
2553;0,0632330000
2554;0,0634630000
2555;0,0637690000
2556;0,0638170000
2557;0,0638300000
2558;0,0637030000
2559;0,0642700000
2560;0,0643400000
2561;0,0640500000
2562;0,0640630000
2563;0,0642940000
2564;0,0643250000
2565;0,0642210000
2566;0,0641460000
2567;0,0648280000
2568;0,0648470000
2569;0,0642220000
2570;0,0645920000
2571;0,0646880000
2572;0,0643830000
2573;0,0645410000
2574;0,0651720000
2575;0,0650190000
2576;0,0655160000
2577;0,0645700000
2578;0,0652660000
2579;0,0647280000
2580;0,0651330000
2581;0,0649790000
2582;0,0652210000
2583;0,0643590000
2584;0,0652740000
2585;0,0654660000
2586;0,0650970000
2587;0,0653970000
2588;0,0651240000
2589;0,0652940000
2590;0,0655880000
2591;0,0654970000
2592;0,0654730000
2593;0,0657690000
2594;0,0655890000
2595;0,0655810000
2596;0,0658100000
2597;0,0655370000
2598;0,0659570000
2599;0,0655600000
2600;0,0659000000
2601;0,0659790000
2602;0,0658690000
2603;0,0660980000
2604;0,0662940000
2605;0,0666150000
2606;0,0671180000
2607;0,0665860000
2608;0,0665640000
2609;0,0664190000
2610;0,0664030000
2611;0,0666590000
2612;0,0668590000
2613;0,0669300000
2614;0,0666440000
2615;0,0666750000
2616;0,0672120000
2617;0,0668370000
2618;0,0667310000
2619;0,0674440000
2620;0,0673460000
2621;0,0673530000
2622;0,0672710000
2623;0,0676680000
2624;0,0674850000
2625;0,0669200000
2626;0,0673890000
2627;0,0675470000
2628;0,0680420000
2629;0,0674570000
2630;0,0676570000
2631;0,0678870000
2632;0,0675350000
2633;0,0678170000
2634;0,0676710000
2635;0,0682860000
2636;0,0684440000
2637;0,0679180000
2638;0,0684140000
2639;0,0682390000
2640;0,0681560000
2641;0,0683690000
2642;0,0683970000
2643;0,0687600000
2644;0,0683900000
2645;0,0685710000
2646;0,0683770000
2647;0,0685550000
2648;0,0687680000
2649;0,0683210000
2650;0,0692680000
2651;0,0687680000
2652;0,0688340000
2653;0,0690400000
2654;0,0687760000
2655;0,0681680000
2656;0,0690230000
2657;0,0692320000
2658;0,0693390000
2659;0,0692400000
2660;0,0689380000
2661;0,0688600000
2662;0,0693420000
2663;0,0689330000
2664;0,0694090000
2665;0,0702160000
2666;0,0695240000
2667;0,0693320000
2668;0,0696880000
2669;0,0695470000
2670;0,0698260000
2671;0,0704230000
2672;0,0699010000
2673;0,0699950000
2674;0,0701070000
2675;0,0699960000
2676;0,0700600000
2677;0,0704730000
2678;0,0697630000
2679;0,0701990000
2680;0,0704270000
2681;0,0703810000
2682;0,0703850000
2683;0,0702350000
2684;0,0703000000
2685;0,0705290000
2686;0,0704470000
2687;0,0706110000
2688;0,0706140000
2689;0,0704510000
2690;0,0704540000
2691;0,0707260000
2692;0,0711260000
2693;0,0712100000
2694;0,0713230000
2695;0,0714340000
2696;0,0711100000
2697;0,0712470000
2698;0,0703910000
2699;0,0712720000
2700;0,0713170000
2701;0,0707670000
2702;0,0713140000
2703;0,0705950000
2704;0,0714550000
2705;0,0712090000
2706;0,0715500000
2707;0,0717710000
2708;0,0717890000
2709;0,0713510000
2710;0,0715700000
2711;0,0717450000
2712;0,0715070000
2713;0,0717930000
2714;0,0721190000
2715;0,0715850000
2716;0,0719630000
2717;0,0718560000
2718;0,0717950000
2719;0,0719100000
2720;0,0725030000
2721;0,0724340000
2722;0,0723390000
2723;0,0724370000
2724;0,0721910000
2725;0,0720900000
2726;0,0726040000
2727;0,0722850000
2728;0,0725860000
2729;0,0727930000
2730;0,0728530000
2731;0,0726720000
2732;0,0724050000
2733;0,0728680000
2734;0,0725720000
2735;0,0728380000
2736;0,0728730000
2737;0,0731210000
2738;0,0728450000
2739;0,0730110000
2740;0,0729070000
2741;0,0733730000
2742;0,0734160000
2743;0,0747140000
2744;0,0734020000
2745;0,0735290000
2746;0,0732440000
2747;0,0735490000
2748;0,0736040000
2749;0,0740740000
2750;0,0738370000
2751;0,0734380000
2752;0,0744450000
2753;0,0734780000
2754;0,0736450000
2755;0,0736110000
2756;0,0737330000
2757;0,0740790000
2758;0,0737720000
2759;0,0738940000
2760;0,0739710000
2761;0,0742410000
2762;0,0741700000
2763;0,0745060000
2764;0,0746230000
2765;0,0742540000
2766;0,0751630000
2767;0,0746780000
2768;0,0753030000
2769;0,0753250000
2770;0,0753770000
2771;0,0753180000
2772;0,0747420000
2773;0,0749290000
2774;0,0751290000
2775;0,0750130000
2776;0,0760100000
2777;0,0758560000
2778;0,0752450000
2779;0,0759130000
2780;0,0755870000
2781;0,0755020000
2782;0,0761180000
2783;0,0755860000
2784;0,0758470000
2785;0,0759410000
2786;0,0758180000
2787;0,0760600000
2788;0,0760580000
2789;0,0764040000
2790;0,0759660000
2791;0,0760220000
2792;0,0758380000
2793;0,0763360000
2794;0,0763310000
2795;0,0764970000
2796;0,0767490000
2797;0,0768520000
2798;0,0766240000
2799;0,0767230000
2800;0,0768230000
2801;0,0770310000
2802;0,0773980000
2803;0,0772580000
2804;0,0770070000
2805;0,0770970000
2806;0,0769560000
2807;0,0770410000
2808;0,0774070000
2809;0,0776150000
2810;0,0770900000
2811;0,0776700000
2812;0,0774050000
2813;0,0776020000
2814;0,0775160000
2815;0,0777250000
2816;0,0777600000
2817;0,0779890000
2818;0,0779030000
2819;0,0777270000
2820;0,0777490000
2821;0,0778390000
2822;0,0775880000
2823;0,0780530000
2824;0,0783050000
2825;0,0777600000
2826;0,0780120000
2827;0,0783480000
2828;0,0787030000
2829;0,0780900000
2830;0,0784650000
2831;0,0781660000
2832;0,0786560000
2833;0,0783400000
2834;0,0783400000
2835;0,0782050000
2836;0,0781580000
2837;0,0784350000
2838;0,0784520000
2839;0,0785890000
2840;0,0786870000
2841;0,0786410000
2842;0,0787700000
2843;0,0786170000
2844;0,0788410000
2845;0,0788920000
2846;0,0791390000
2847;0,0795200000
2848;0,0789020000
2849;0,0789950000
2850;0,0791510000
2851;0,0789670000
2852;0,0788400000
2853;0,0795540000
2854;0,0790900000
2855;0,0790410000
2856;0,0795630000
2857;0,0798570000
2858;0,0797600000
2859;0,0799310000
2860;0,0800800000
2861;0,0796140000
2862;0,0801090000
2863;0,0796120000
2864;0,0803930000
2865;0,0800060000
2866;0,0805710000
2867;0,0798760000
2868;0,0799140000
2869;0,0803350000
2870;0,0799730000
2871;0,0804480000
2872;0,0803900000
2873;0,0803790000
2874;0,0800630000
2875;0,0802120000
2876;0,0805190000
2877;0,0807700000
2878;0,0808500000
2879;0,0808030000
2880;0,0801230000
2881;0,0811120000
2882;0,0807530000
2883;0,0814640000
2884;0,0813010000
2885;0,0809180000
2886;0,0813970000
2887;0,0809620000
2888;0,0809590000
2889;0,0813510000
2890;0,0813280000
2891;0,0816940000
2892;0,0816830000
2893;0,0814830000
2894;0,0813800000
2895;0,0815190000
2896;0,0817100000
2897;0,0815850000
2898;0,0818060000
2899;0,0817830000
2900;0,0821830000
2901;0,0819080000
2902;0,0822470000
2903;0,0822740000
2904;0,0822320000
2905;0,0818550000
2906;0,0828720000
2907;0,0826240000
2908;0,0829060000
2909;0,0824970000
2910;0,0827320000
2911;0,0824290000
2912;0,0822690000
2913;0,0825960000
2914;0,0826900000
2915;0,0824600000
2916;0,0823840000
2917;0,0826330000
2918;0,0829710000
2919;0,0828010000
2920;0,0835110000
2921;0,0838740000
2922;0,0833360000
2923;0,0832040000
2924;0,0833110000
2925;0,0832300000
2926;0,0835050000
2927;0,0837820000
2928;0,0834020000
2929;0,0837230000
2930;0,0837110000
2931;0,0837680000
2932;0,0841110000
2933;0,0839540000
2934;0,0836580000
2935;0,0838220000
2936;0,0839820000
2937;0,0839690000
2938;0,0839840000
2939;0,0842170000
2940;0,0845130000
2941;0,0844530000
2942;0,0838760000
2943;0,0845460000
2944;0,0843060000
2945;0,0848510000
2946;0,0845180000
2947;0,0849410000
2948;0,0847290000
2949;0,0844720000
2950;0,0850600000
2951;0,0849340000
2952;0,0847750000
2953;0,0849310000
2954;0,0844850000
2955;0,0849630000
2956;0,0849060000
2957;0,0847600000
2958;0,0853940000
2959;0,0851280000
2960;0,0854910000
2961;0,0852990000
2962;0,0858750000
2963;0,0854670000
2964;0,0856480000
2965;0,0856740000
2966;0,0855500000
2967;0,0860350000
2968;0,0861020000
2969;0,0860780000
2970;0,0865280000
2971;0,0863220000
2972;0,0863170000
2973;0,0864490000
2974;0,0866100000
2975;0,0863870000
2976;0,0865850000
2977;0,0862960000
2978;0,0860970000
2979;0,0859930000
2980;0,0864340000
2981;0,0868950000
2982;0,0866230000
2983;0,0861420000
2984;0,0866960000
2985;0,0866410000
2986;0,0870550000
2987;0,0869600000
2988;0,0876320000
2989;0,0867550000
2990;0,0871320000
2991;0,0871820000
2992;0,0873870000
2993;0,0874870000
2994;0,0871800000
2995;0,0872750000
2996;0,0880580000
2997;0,0888700000
2998;0,0880680000
2999;0,0881720000
3000;0,0880670000
3001;0,0877410000
3002;0,0880210000
3003;0,0879470000
3004;0,0879240000
3005;0,0880170000
3006;0,0880290000
3007;0,0879710000
3008;0,0881290000
3009;0,0887230000
3010;0,0878590000
3011;0,0878820000
3012;0,0882760000
3013;0,0886470000
3014;0,0879980000
3015;0,0882120000
3016;0,0885290000
3017;0,0885630000
3018;0,0885110000
3019;0,0885630000
3020;0,0889070000
3021;0,0893030000
3022;0,0893210000
3023;0,0895140000
3024;0,0893400000
3025;0,0897230000
3026;0,0893220000
3027;0,0900210000
3028;0,0897510000
3029;0,0896900000
3030;0,0903280000
3031;0,0898850000
3032;0,0897470000
3033;0,0900820000
3034;0,0899090000
3035;0,0898270000
3036;0,0905280000
3037;0,0902450000
3038;0,0906690000
3039;0,0901120000
3040;0,0905570000
3041;0,0906020000
3042;0,0911590000
3043;0,0905940000
3044;0,0904920000
3045;0,0902280000
3046;0,0904810000
3047;0,0908410000
3048;0,0904470000
3049;0,0909800000
3050;0,0905760000
3051;0,0906210000
3052;0,0907600000
3053;0,0908050000
3054;0,0910050000
3055;0,0912750000
3056;0,0907580000
3057;0,0907750000
3058;0,0915340000
3059;0,0910190000
3060;0,0910940000
3061;0,0911060000
3062;0,0909210000
3063;0,0911490000
3064;0,0913010000
3065;0,0916270000
3066;0,0914350000
3067;0,0912510000
3068;0,0916590000
3069;0,0916470000
3070;0,0912980000
3071;0,0918840000
3072;0,0921500000
3073;0,0926390000
3074;0,0928040000
3075;0,0908990000
3076;0,0920580000
3077;0,0918970000
3078;0,0926010000
3079;0,0924700000
3080;0,0934110000
3081;0,0929990000
3082;0,0925610000
3083;0,0927710000
3084;0,0930850000
3085;0,0931120000
3086;0,0937550000
3087;0,0930850000
3088;0,0931490000
3089;0,0931320000
3090;0,0936130000
3091;0,0938560000
3092;0,0940740000
3093;0,0936040000
3094;0,0939380000
3095;0,0942340000
3096;0,0941960000
3097;0,0942500000
3098;0,0938170000
3099;0,0939490000
3100;0,0940600000
3101;0,0945190000
3102;0,0943160000
3103;0,0940430000
3104;0,0941750000
3105;0,0946510000
3106;0,0945450000
3107;0,0947220000
3108;0,0944680000
3109;0,0941570000
3110;0,0946490000
3111;0,0953340000
3112;0,0947230000
3113;0,0949840000
3114;0,0950590000
3115;0,0948030000
3116;0,0951270000
3117;0,0955660000
3118;0,0951890000
3119;0,0950550000
3120;0,0951270000
3121;0,0952430000
3122;0,0959460000
3123;0,0954840000
3124;0,0954330000
3125;0,0955150000
3126;0,0957510000
3127;0,0956320000
3128;0,0959380000
3129;0,0958910000
3130;0,0957550000
3131;0,0961180000
3132;0,0964250000
3133;0,0964540000
3134;0,0959910000
3135;0,0960960000
3136;0,0960920000
3137;0,0966840000
3138;0,0969980000
3139;0,0965030000
3140;0,0966330000
3141;0,0966840000
3142;0,0965010000
3143;0,0967280000
3144;0,0964600000
3145;0,0966830000
3146;0,0970400000
3147;0,0967270000
3148;0,0969330000
3149;0,0972930000
3150;0,0967380000
3151;0,0968170000
3152;0,0972410000
3153;0,0970980000
3154;0,0971010000
3155;0,0972590000
3156;0,0975170000
3157;0,0979120000
3158;0,0975050000
3159;0,0977420000
3160;0,0977640000
3161;0,0979320000
3162;0,0971920000
3163;0,0979270000
3164;0,0982810000
3165;0,0984150000
3166;0,0982500000
3167;0,0984810000
3168;0,0979020000
3169;0,0984060000
3170;0,0980140000
3171;0,0993320000
3172;0,0978640000
3173;0,0976470000
3174;0,0980450000
3175;0,0976460000
3176;0,0979880000
3177;0,0979110000
3178;0,0976770000
3179;0,0983130000
3180;0,0978350000
3181;0,0982670000
3182;0,0983590000
3183;0,0979080000
3184;0,0987560000
3185;0,0986150000
3186;0,0983640000
3187;0,0987470000
3188;0,0984500000
3189;0,0986160000
3190;0,0988730000
3191;0,0985090000
3192;0,0987960000
3193;0,0984410000
3194;0,0993200000
3195;0,0988810000
3196;0,0993150000
3197;0,0996040000
3198;0,0993960000
3199;0,0990580000
3200;0,0999730000
3201;0,0993190000
3202;0,0996130000
3203;0,0998380000
3204;0,0995860000
3205;0,0997010000
3206;0,0998990000
3207;0,1001940000
3208;0,1000610000
3209;0,0998860000
3210;0,0998420000
3211;0,1003250000
3212;0,1000230000
3213;0,1002780000
3214;0,1005400000
3215;0,0998320000
3216;0,1003960000
3217;0,1004900000
3218;0,1008280000
3219;0,1006380000
3220;0,1005750000
3221;0,1010180000
3222;0,1012060000
3223;0,1008630000
3224;0,1009090000
3225;0,1010510000
3226;0,1007430000
3227;0,1010930000
3228;0,1009400000
3229;0,1017730000
3230;0,1012880000
3231;0,1028020000
3232;0,1028020000
3233;0,1018290000
3234;0,1022230000
3235;0,1024820000
3236;0,1020400000
3237;0,1024910000
3238;0,1026470000
3239;0,1029020000
3240;0,1028570000
3241;0,1029970000
3242;0,1022990000
3243;0,1021440000
3244;0,1025660000
3245;0,1018590000
3246;0,1024930000
3247;0,1023070000
3248;0,1024780000
3249;0,1031640000
3250;0,1020600000
3251;0,1027720000
3252;0,1029200000
3253;0,1026730000
3254;0,1025970000
3255;0,1025720000
3256;0,1030520000
3257;0,1030700000
3258;0,1031730000
3259;0,1040660000
3260;0,1031740000
3261;0,1034280000
3262;0,1032460000
3263;0,1032920000
3264;0,1033520000
3265;0,1032940000
3266;0,1031070000
3267;0,1038220000
3268;0,1043290000
3269;0,1034620000
3270;0,1036090000
3271;0,1037860000
3272;0,1037800000
3273;0,1036020000
3274;0,1039590000
3275;0,1035670000
3276;0,1038450000
3277;0,1038950000
3278;0,1044840000
3279;0,1043200000
3280;0,1045000000
3281;0,1045500000
3282;0,1043240000
3283;0,1043580000
3284;0,1045110000
3285;0,1039800000
3286;0,1052330000
3287;0,1050650000
3288;0,1046730000
3289;0,1052000000
3290;0,1050770000
3291;0,1055340000
3292;0,1055030000
3293;0,1051830000
3294;0,1055840000
3295;0,1049780000
3296;0,1056930000
3297;0,1052350000
3298;0,1052870000
3299;0,1056640000
3300;0,1057300000
3301;0,1061580000
3302;0,1059320000
3303;0,1056560000
3304;0,1062100000
3305;0,1065690000
3306;0,1065350000
3307;0,1062050000
3308;0,1065930000
3309;0,1067620000
3310;0,1067400000
3311;0,1071700000
3312;0,1069110000
3313;0,1069210000
3314;0,1072930000
3315;0,1069120000
3316;0,1074370000
3317;0,1073600000
3318;0,1074170000
3319;0,1068140000
3320;0,1074000000
3321;0,1073990000
3322;0,1068870000
3323;0,1071560000
3324;0,1073770000
3325;0,1078860000
3326;0,1077110000
3327;0,1073580000
3328;0,1077910000
3329;0,1071640000
3330;0,1085790000
3331;0,1077140000
3332;0,1084240000
3333;0,1076140000
3334;0,1083030000
3335;0,1082980000
3336;0,1083200000
3337;0,1092070000
3338;0,1088090000
3339;0,1095540000
3340;0,1091230000
3341;0,1092250000
3342;0,1101200000
3343;0,1102250000
3344;0,1097120000
3345;0,1098110000
3346;0,1102040000
3347;0,1094030000
3348;0,1098750000
3349;0,1096740000
3350;0,1097050000
3351;0,1094410000
3352;0,1098880000
3353;0,1100220000
3354;0,1097440000
3355;0,1104180000
3356;0,1098240000
3357;0,1104080000
3358;0,1095920000
3359;0,1106940000
3360;0,1106350000
3361;0,1109030000
3362;0,1099880000
3363;0,1102580000
3364;0,1099160000
3365;0,1104160000
3366;0,1108910000
3367;0,1103790000
3368;0,1104850000
3369;0,1105240000
3370;0,1109150000
3371;0,1113220000
3372;0,1110500000
3373;0,1106650000
3374;0,1107970000
3375;0,1099970000
3376;0,1119170000
3377;0,1115510000
3378;0,1117750000
3379;0,1118970000
3380;0,1114100000
3381;0,1119160000
3382;0,1115090000
3383;0,1116340000
3384;0,1130380000
3385;0,1114480000
3386;0,1123040000
3387;0,1123530000
3388;0,1121920000
3389;0,1124620000
3390;0,1120970000
3391;0,1123410000
3392;0,1122290000
3393;0,1124030000
3394;0,1126990000
3395;0,1124720000
3396;0,1125230000
3397;0,1125080000
3398;0,1132180000
3399;0,1127900000
3400;0,1130440000
3401;0,1136720000
3402;0,1126690000
3403;0,1138630000
3404;0,1128480000
3405;0,1131280000
3406;0,1129870000
3407;0,1134690000
3408;0,1127230000
3409;0,1133410000
3410;0,1134870000
3411;0,1136230000
3412;0,1138450000
3413;0,1130660000
3414;0,1144070000
3415;0,1140780000
3416;0,1133160000
3417;0,1141060000
3418;0,1134810000
3419;0,1139620000
3420;0,1137680000
3421;0,1140550000
3422;0,1139690000
3423;0,1139980000
3424;0,1145920000
3425;0,1136880000
3426;0,1141290000
3427;0,1139110000
3428;0,1142330000
3429;0,1142670000
3430;0,1147310000
3431;0,1147910000
3432;0,1146510000
3433;0,1153040000
3434;0,1146760000
3435;0,1147510000
3436;0,1162170000
3437;0,1157730000
3438;0,1153630000
3439;0,1155210000
3440;0,1153540000
3441;0,1157600000
3442;0,1158870000
3443;0,1159580000
3444;0,1162200000
3445;0,1160960000
3446;0,1159640000
3447;0,1162360000
3448;0,1165790000
3449;0,1165470000
3450;0,1164120000
3451;0,1160900000
3452;0,1164470000
3453;0,1161520000
3454;0,1161380000
3455;0,1170320000
3456;0,1165100000
3457;0,1167240000
3458;0,1169270000
3459;0,1169840000
3460;0,1164400000
3461;0,1171900000
3462;0,1174780000
3463;0,1186150000
3464;0,1180040000
3465;0,1174320000
3466;0,1173740000
3467;0,1178100000
3468;0,1173670000
3469;0,1182630000
3470;0,1178950000
3471;0,1180200000
3472;0,1181130000
3473;0,1181150000
3474;0,1178920000
3475;0,1181950000
3476;0,1184640000
3477;0,1184130000
3478;0,1195600000
3479;0,1185530000
3480;0,1183030000
3481;0,1185500000
3482;0,1182540000
3483;0,1187680000
3484;0,1192170000
3485;0,1195840000
3486;0,1181890000
3487;0,1173640000
3488;0,1181650000
3489;0,1183700000
3490;0,1184580000
3491;0,1186430000
3492;0,1185430000
3493;0,1186030000
3494;0,1187980000
3495;0,1182490000
3496;0,1191610000
3497;0,1187450000
3498;0,1190030000
3499;0,1186990000
3500;0,1198110000
3501;0,1197990000
3502;0,1194280000
3503;0,1205380000
3504;0,1196310000
3505;0,1211740000
3506;0,1200410000
3507;0,1193260000
3508;0,1198310000
3509;0,1206010000
3510;0,1204450000
3511;0,1202820000
3512;0,1202070000
3513;0,1204420000
3514;0,1204520000
3515;0,1205040000
3516;0,1200180000
3517;0,1210980000
3518;0,1212400000
3519;0,1211510000
3520;0,1207450000
3521;0,1206620000
3522;0,1207740000
3523;0,1209940000
3524;0,1210300000
3525;0,1210830000
3526;0,1209460000
3527;0,1210650000
3528;0,1212400000
3529;0,1217110000
3530;0,1213080000
3531;0,1212470000
3532;0,1217180000
3533;0,1221810000
3534;0,1216060000
3535;0,1214950000
3536;0,1219900000
3537;0,1216970000
3538;0,1221590000
3539;0,1219710000
3540;0,1220710000
3541;0,1222320000
3542;0,1229580000
3543;0,1225850000
3544;0,1224050000
3545;0,1223260000
3546;0,1214730000
3547;0,1235330000
3548;0,1225320000
3549;0,1225190000
3550;0,1228790000
3551;0,1233420000
3552;0,1232930000
3553;0,1235990000
3554;0,1234130000
3555;0,1232170000
3556;0,1236260000
3557;0,1221970000
3558;0,1233870000
3559;0,1237710000
3560;0,1235780000
3561;0,1239820000
3562;0,1239820000
3563;0,1238960000
3564;0,1237680000
3565;0,1235380000
3566;0,1237560000
3567;0,1245260000
3568;0,1249810000
3569;0,1239250000
3570;0,1243630000
3571;0,1241020000
3572;0,1236810000
3573;0,1247570000
3574;0,1243720000
3575;0,1248260000
3576;0,1246450000
3577;0,1246320000
3578;0,1249660000
3579;0,1247120000
3580;0,1247970000
3581;0,1246560000
3582;0,1254510000
3583;0,1252620000
3584;0,1254950000
3585;0,1246120000
3586;0,1257030000
3587;0,1257910000
3588;0,1254100000
3589;0,1259790000
3590;0,1261660000
3591;0,1256450000
3592;0,1260670000
3593;0,1257900000
3594;0,1262640000
3595;0,1254640000
3596;0,1264030000
3597;0,1257410000
3598;0,1263780000
3599;0,1266780000
3600;0,1265620000
3601;0,1264000000
3602;0,1266450000
3603;0,1260920000
3604;0,1264570000
3605;0,1267150000
3606;0,1265150000
3607;0,1272210000
3608;0,1271360000
3609;0,1262030000
3610;0,1261340000
3611;0,1259930000
3612;0,1267180000
3613;0,1269560000
3614;0,1269390000
3615;0,1269080000
3616;0,1271110000
3617;0,1271830000
3618;0,1276060000
3619;0,1268660000
3620;0,1274400000
3621;0,1274860000
3622;0,1271970000
3623;0,1273170000
3624;0,1275670000
3625;0,1275920000
3626;0,1269860000
3627;0,1280370000
3628;0,1273120000
3629;0,1282540000
3630;0,1277520000
3631;0,1281370000
3632;0,1283050000
3633;0,1289290000
3634;0,1291610000
3635;0,1292350000
3636;0,1292010000
3637;0,1294660000
3638;0,1290700000
3639;0,1291310000
3640;0,1286150000
3641;0,1284360000
3642;0,1292070000
3643;0,1287640000
3644;0,1291690000
3645;0,1298870000
3646;0,1294730000
3647;0,1292990000
3648;0,1303530000
3649;0,1298720000
3650;0,1299850000
3651;0,1300000000
3652;0,1304820000
3653;0,1304050000
3654;0,1303060000
3655;0,1308060000
3656;0,1304270000
3657;0,1299720000
3658;0,1299170000
3659;0,1301800000
3660;0,1312030000
3661;0,1315130000
3662;0,1306580000
3663;0,1321430000
3664;0,1313560000
3665;0,1317100000
3666;0,1312140000
3667;0,1316290000
3668;0,1315020000
3669;0,1321740000
3670;0,1315570000
3671;0,1312810000
3672;0,1319280000
3673;0,1318210000
3674;0,1313230000
3675;0,1322720000
3676;0,1323870000
3677;0,1318600000
3678;0,1315930000
3679;0,1323800000
3680;0,1321350000
3681;0,1322220000
3682;0,1315810000
3683;0,1319020000
3684;0,1315360000
3685;0,1318400000
3686;0,1321050000
3687;0,1320300000
3688;0,1318030000
3689;0,1322860000
3690;0,1326500000
3691;0,1327290000
3692;0,1327160000
3693;0,1331600000
3694;0,1334110000
3695;0,1338940000
3696;0,1331830000
3697;0,1330920000
3698;0,1332900000
3699;0,1336820000
3700;0,1332310000
3701;0,1332010000
3702;0,1329820000
3703;0,1338860000
3704;0,1330480000
3705;0,1330250000
3706;0,1336610000
3707;0,1338020000
3708;0,1333340000
3709;0,1334760000
3710;0,1341240000
3711;0,1335360000
3712;0,1346290000
3713;0,1338740000
3714;0,1340530000
3715;0,1332740000
3716;0,1340430000
3717;0,1342780000
3718;0,1339300000
3719;0,1342670000
3720;0,1340000000
3721;0,1349200000
3722;0,1346420000
3723;0,1346910000
3724;0,1349090000
3725;0,1347180000
3726;0,1346510000
3727;0,1338540000
3728;0,1350110000
3729;0,1354720000
3730;0,1348910000
3731;0,1346790000
3732;0,1354680000
3733;0,1354390000
3734;0,1353230000
3735;0,1356420000
3736;0,1363930000
3737;0,1354980000
3738;0,1360180000
3739;0,1361390000
3740;0,1361340000
3741;0,1355300000
3742;0,1355800000
3743;0,1363300000
3744;0,1361790000
3745;0,1356910000
3746;0,1355000000
3747;0,1367060000
3748;0,1360470000
3749;0,1361060000
3750;0,1368060000
3751;0,1367120000
3752;0,1363130000
3753;0,1366770000
3754;0,1366730000
3755;0,1368710000
3756;0,1371960000
3757;0,1364800000
3758;0,1373930000
3759;0,1373680000
3760;0,1371020000
3761;0,1381320000
3762;0,1377040000
3763;0,1371760000
3764;0,1379950000
3765;0,1376950000
3766;0,1376590000
3767;0,1374470000
3768;0,1382430000
3769;0,1381990000
3770;0,1386270000
3771;0,1386410000
3772;0,1403520000
3773;0,1388710000
3774;0,1390880000
3775;0,1390990000
3776;0,1387060000
3777;0,1396230000
3778;0,1389050000
3779;0,1395110000
3780;0,1398270000
3781;0,1397140000
3782;0,1396530000
3783;0,1392750000
3784;0,1389290000
3785;0,1398190000
3786;0,1413050000
3787;0,1400680000
3788;0,1397410000
3789;0,1402110000
3790;0,1405770000
3791;0,1397580000
3792;0,1397810000
3793;0,1402630000
3794;0,1406030000
3795;0,1404400000
3796;0,1399660000
3797;0,1404760000
3798;0,1397350000
3799;0,1400460000
3800;0,1410000000
3801;0,1407380000
3802;0,1400320000
3803;0,1412940000
3804;0,1412970000
3805;0,1411130000
3806;0,1408650000
3807;0,1411460000
3808;0,1416440000
3809;0,1417700000
3810;0,1408870000
3811;0,1409740000
3812;0,1411680000
3813;0,1407950000
3814;0,1410500000
3815;0,1416850000
3816;0,1419260000
3817;0,1421020000
3818;0,1411060000
3819;0,1409760000
3820;0,1419300000
3821;0,1419410000
3822;0,1423780000
3823;0,1420540000
3824;0,1425220000
3825;0,1423760000
3826;0,1423010000
3827;0,1426490000
3828;0,1425210000
3829;0,1425030000
3830;0,1422050000
3831;0,1430740000
3832;0,1429140000
3833;0,1428060000
3834;0,1429470000
3835;0,1425300000
3836;0,1434100000
3837;0,1436000000
3838;0,1430460000
3839;0,1434940000
3840;0,1433250000
3841;0,1431470000
3842;0,1432280000
3843;0,1440990000
3844;0,1444430000
3845;0,1441700000
3846;0,1436520000
3847;0,1438180000
3848;0,1440200000
3849;0,1438110000
3850;0,1441560000
3851;0,1440930000
3852;0,1448320000
3853;0,1442430000
3854;0,1442780000
3855;0,1440200000
3856;0,1452750000
3857;0,1448030000
3858;0,1449110000
3859;0,1449200000
3860;0,1445270000
3861;0,1444620000
3862;0,1448900000
3863;0,1454400000
3864;0,1450320000
3865;0,1455070000
3866;0,1454050000
3867;0,1454990000
3868;0,1456460000
3869;0,1457920000
3870;0,1454850000
3871;0,1458210000
3872;0,1456610000
3873;0,1463060000
3874;0,1467370000
3875;0,1459700000
3876;0,1461380000
3877;0,1472760000
3878;0,1464200000
3879;0,1463720000
3880;0,1461610000
3881;0,1466800000
3882;0,1460930000
3883;0,1465840000
3884;0,1472090000
3885;0,1473390000
3886;0,1468160000
3887;0,1466810000
3888;0,1474340000
3889;0,1470990000
3890;0,1474990000
3891;0,1473020000
3892;0,1478340000
3893;0,1481590000
3894;0,1483570000
3895;0,1480210000
3896;0,1478670000
3897;0,1479450000
3898;0,1472470000
3899;0,1470010000
3900;0,1477870000
3901;0,1482790000
3902;0,1477090000
3903;0,1477870000
3904;0,1487580000
3905;0,1495540000
3906;0,1486530000
3907;0,1490870000
3908;0,1486110000
3909;0,1486750000
3910;0,1482190000
3911;0,1491690000
3912;0,1491760000
3913;0,1493370000
3914;0,1495360000
3915;0,1496410000
3916;0,1485990000
3917;0,1492260000
3918;0,1497590000
3919;0,1504020000
3920;0,1499640000
3921;0,1501020000
3922;0,1504680000
3923;0,1498160000
3924;0,1506380000
3925;0,1509380000
3926;0,1501450000
3927;0,1503130000
3928;0,1498400000
3929;0,1495910000
3930;0,1499830000
3931;0,1500520000
3932;0,1500060000
3933;0,1505400000
3934;0,1502620000
3935;0,1509870000
3936;0,1511320000
3937;0,1516500000
3938;0,1515600000
3939;0,1512690000
3940;0,1515060000
3941;0,1509880000
3942;0,1508800000
3943;0,1511500000
3944;0,1509020000
3945;0,1521000000
3946;0,1515750000
3947;0,1519170000
3948;0,1523030000
3949;0,1540450000
3950;0,1538030000
3951;0,1525390000
3952;0,1525430000
3953;0,1523860000
3954;0,1518230000
3955;0,1527700000
3956;0,1523860000
3957;0,1531180000
3958;0,1531920000
3959;0,1522750000
3960;0,1524310000
3961;0,1524780000
3962;0,1525780000
3963;0,1517850000
3964;0,1530550000
3965;0,1532640000
3966;0,1530810000
3967;0,1531240000
3968;0,1532980000
3969;0,1525590000
3970;0,1534340000
3971;0,1538840000
3972;0,1531730000
3973;0,1535700000
3974;0,1538210000
3975;0,1534360000
3976;0,1536410000
3977;0,1534640000
3978;0,1541400000
3979;0,1540080000
3980;0,1545730000
3981;0,1537940000
3982;0,1541750000
3983;0,1540350000
3984;0,1554320000
3985;0,1539320000
3986;0,1540970000
3987;0,1535830000
3988;0,1545110000
3989;0,1537600000
3990;0,1545900000
3991;0,1543780000
3992;0,1544130000
3993;0,1547480000
3994;0,1548020000
3995;0,1548980000
3996;0,1546010000
3997;0,1569620000
3998;0,1578540000
3999;0,1559840000
4000;0,1566600000
4001;0,1564300000
4002;0,1558020000
4003;0,1563500000
4004;0,1561580000
4005;0,1561760000
4006;0,1556560000
4007;0,1538910000
4008;0,1541450000
4009;0,1539430000
4010;0,1540910000
4011;0,1541550000
4012;0,1543780000
4013;0,1536550000
4014;0,1542700000
4015;0,1539530000
4016;0,1542560000
4017;0,1545690000
4018;0,1541560000
4019;0,1542510000
4020;0,1543070000
4021;0,1549930000
4022;0,1551070000
4023;0,1554950000
4024;0,1559290000
4025;0,1550550000
4026;0,1552810000
4027;0,1554750000
4028;0,1551990000
4029;0,1559180000
4030;0,1557610000
4031;0,1555890000
4032;0,1557220000
4033;0,1553290000
4034;0,1554760000
4035;0,1585390000
4036;0,1565800000
4037;0,1561780000
4038;0,1568020000
4039;0,1590710000
4040;0,1581530000
4041;0,1584960000
4042;0,1593660000
4043;0,1586010000
4044;0,1588020000
4045;0,1605130000
4046;0,1614230000
4047;0,1615560000
4048;0,1595900000
4049;0,1594290000
4050;0,1583650000
4051;0,1571290000
4052;0,1573850000
4053;0,1566810000
4054;0,1575320000
4055;0,1577900000
4056;0,1579740000
4057;0,1579690000
4058;0,1578180000
4059;0,1578650000
4060;0,1577330000
4061;0,1587130000
4062;0,1582710000
4063;0,1586760000
4064;0,1585990000
4065;0,1582560000
4066;0,1577760000
4067;0,1583490000
4068;0,1587790000
4069;0,1585420000
4070;0,1590250000
4071;0,1586910000
4072;0,1606220000
4073;0,1638530000
4074;0,1618510000
4075;0,1601170000
4076;0,1589880000
4077;0,1589390000
4078;0,1591910000
4079;0,1591380000
4080;0,1600290000
4081;0,1591020000
4082;0,1594380000
4083;0,1645790000
4084;0,1632180000
4085;0,1626550000
4086;0,1628190000
4087;0,1624370000
4088;0,1624540000
4089;0,1647590000
4090;0,1638310000
4091;0,1630140000
4092;0,1629330000
4093;0,1628960000
4094;0,1615960000
4095;0,1611260000
4096;0,1609190000
4097;0,1616360000
4098;0,1643620000
4099;0,1623210000
4100;0,1622680000
4101;0,1617950000
4102;0,1621350000
4103;0,1634350000
4104;0,1640810000
4105;0,1640890000
4106;0,1625340000
4107;0,1623890000
4108;0,1627660000
4109;0,1627130000
4110;0,1627380000
4111;0,1632510000
4112;0,1629500000
4113;0,1635600000
4114;0,1629900000
4115;0,1624090000
4116;0,1641210000
4117;0,1646700000
4118;0,1646810000
4119;0,1646430000
4120;0,1647150000
4121;0,1643470000
4122;0,1648820000
4123;0,1651560000
4124;0,1651140000
4125;0,1644040000
4126;0,1646360000
4127;0,1648520000
4128;0,1649800000
4129;0,1649090000
4130;0,1649180000
4131;0,1647770000
4132;0,1649320000
4133;0,1646970000
4134;0,1650720000
4135;0,1658920000
4136;0,1654630000
4137;0,1657760000
4138;0,1661070000
4139;0,1649070000
4140;0,1659980000
4141;0,1664760000
4142;0,1660970000
4143;0,1659350000
4144;0,1661850000
4145;0,1657880000
4146;0,1664990000
4147;0,1664410000
4148;0,1663770000
4149;0,1660150000
4150;0,1667530000
4151;0,1672330000
4152;0,1671020000
4153;0,1674370000
4154;0,1665780000
4155;0,1668480000
4156;0,1675550000
4157;0,1663710000
4158;0,1669610000
4159;0,1687990000
4160;0,1674530000
4161;0,1672060000
4162;0,1683260000
4163;0,1676560000
4164;0,1670590000
4165;0,1675370000
4166;0,1686240000
4167;0,1689570000
4168;0,1688600000
4169;0,1681990000
4170;0,1699750000
4171;0,1698530000
4172;0,1700560000
4173;0,1697700000
4174;0,1682710000
4175;0,1681800000
4176;0,1693350000
4177;0,1692700000
4178;0,1686870000
4179;0,1691370000
4180;0,1692840000
4181;0,1686480000
4182;0,1699560000
4183;0,1692610000
4184;0,1696560000
4185;0,1700900000
4186;0,1706800000
4187;0,1702830000
4188;0,1709370000
4189;0,1705550000
4190;0,1706040000
4191;0,1706020000
4192;0,1696140000
4193;0,1702090000
4194;0,1705280000
4195;0,1705090000
4196;0,1702510000
4197;0,1709790000
4198;0,1709600000
4199;0,1707070000
4200;0,1707010000
4201;0,1705830000
4202;0,1695800000
4203;0,1705290000
4204;0,1701310000
4205;0,1702660000
4206;0,1710090000
4207;0,1711100000
4208;0,1716500000
4209;0,1717270000
4210;0,1721120000
4211;0,1715360000
4212;0,1718540000
4213;0,1723220000
4214;0,1722250000
4215;0,1715340000
4216;0,1719520000
4217;0,1728520000
4218;0,1730040000
4219;0,1726580000
4220;0,1733750000
4221;0,1736420000
4222;0,1730340000
4223;0,1728940000
4224;0,1731450000
4225;0,1731880000
4226;0,1739510000
4227;0,1732450000
4228;0,1733880000
4229;0,1736680000
4230;0,1742290000
4231;0,1741830000
4232;0,1743390000
4233;0,1744980000
4234;0,1742720000
4235;0,1736870000
4236;0,1739370000
4237;0,1741980000
4238;0,1741780000
4239;0,1736930000
4240;0,1740120000
4241;0,1738050000
4242;0,1737960000
4243;0,1736830000
4244;0,1737470000
4245;0,1734340000
4246;0,1743200000
4247;0,1739530000
4248;0,1742320000
4249;0,1753130000
4250;0,1739730000
4251;0,1756050000
4252;0,1778070000
4253;0,1760470000
4254;0,1760410000
4255;0,1757910000
4256;0,1760420000
4257;0,1762760000
4258;0,1770290000
4259;0,1758770000
4260;0,1764750000
4261;0,1764710000
4262;0,1762240000
4263;0,1773990000
4264;0,1770620000
4265;0,1763990000
4266;0,1770320000
4267;0,1775400000
4268;0,1766370000
4269;0,1780190000
4270;0,1781080000
4271;0,1768860000
4272;0,1780450000
4273;0,1775330000
4274;0,1768660000
4275;0,1782840000
4276;0,1774200000
4277;0,1773050000
4278;0,1765470000
4279;0,1762930000
4280;0,1768760000
4281;0,1772220000
4282;0,1768520000
4283;0,1776440000
4284;0,1769920000
4285;0,1773860000
4286;0,1777160000
4287;0,1768510000
4288;0,1778070000
4289;0,1789620000
4290;0,1794660000
4291;0,1798970000
4292;0,1799410000
4293;0,1795580000
4294;0,1774340000
4295;0,1778480000
4296;0,1778010000
4297;0,1773550000
4298;0,1772350000
4299;0,1792850000
4300;0,1778700000
4301;0,1791270000
4302;0,1797710000
4303;0,1795530000
4304;0,1788700000
4305;0,1798240000
4306;0,1798760000
4307;0,1795560000
4308;0,1796570000
4309;0,1801060000
4310;0,1800220000
4311;0,1790120000
4312;0,1794180000
4313;0,1790780000
4314;0,1806630000
4315;0,1802950000
4316;0,1800820000
4317;0,1805980000
4318;0,1799100000
4319;0,1804110000
4320;0,1809310000
4321;0,1797800000
4322;0,1800610000
4323;0,1808130000
4324;0,1814350000
4325;0,1809310000
4326;0,1810640000
4327;0,1807650000
4328;0,1809070000
4329;0,1805820000
4330;0,1811740000
4331;0,1833990000
4332;0,1819600000
4333;0,1819170000
4334;0,1814170000
4335;0,1824830000
4336;0,1824830000
4337;0,1824480000
4338;0,1818640000
4339;0,1831050000
4340;0,1830740000
4341;0,1831200000
4342;0,1828610000
4343;0,1833200000
4344;0,1836180000
4345;0,1832560000
4346;0,1840820000
4347;0,1844150000
4348;0,1842060000
4349;0,1837640000
4350;0,1833140000
4351;0,1833840000
4352;0,1845200000
4353;0,1842210000
4354;0,1835690000
4355;0,1849440000
4356;0,1867880000
4357;0,1838350000
4358;0,1859270000
4359;0,1857840000
4360;0,1851770000
4361;0,1840680000
4362;0,1847860000
4363;0,1859730000
4364;0,1854680000
4365;0,1838020000
4366;0,1838280000
4367;0,1842040000
4368;0,1839640000
4369;0,1856220000
4370;0,1840500000
4371;0,1843140000
4372;0,1841170000
4373;0,1863720000
4374;0,1871810000
4375;0,1858380000
4376;0,1847050000
4377;0,1856170000
4378;0,1856210000
4379;0,1863230000
4380;0,1867060000
4381;0,1860460000
4382;0,1867000000
4383;0,1861750000
4384;0,1865300000
4385;0,1894550000
4386;0,1857010000
4387;0,1867130000
4388;0,1862800000
4389;0,1855760000
4390;0,1867880000
4391;0,1866530000
4392;0,1871890000
4393;0,1867770000
4394;0,1869200000
4395;0,1870140000
4396;0,1873190000
4397;0,1870360000
4398;0,1874610000
4399;0,1880800000
4400;0,1882570000
4401;0,1875880000
4402;0,1871890000
4403;0,1872090000
4404;0,1884770000
4405;0,1873910000
4406;0,1883050000
4407;0,1884180000
4408;0,1887040000
4409;0,1879150000
4410;0,1880970000
4411;0,1886160000
4412;0,1888790000
4413;0,1887780000
4414;0,1886620000
4415;0,1893020000
4416;0,1888370000
4417;0,1893590000
4418;0,1876500000
4419;0,1880560000
4420;0,1882770000
4421;0,1884790000
4422;0,1884480000
4423;0,1886670000
4424;0,1886970000
4425;0,1885910000
4426;0,1890030000
4427;0,1893400000
4428;0,1891440000
4429;0,1887110000
4430;0,1887660000
4431;0,1898010000
4432;0,1890370000
4433;0,1905570000
4434;0,1901060000
4435;0,1900340000
4436;0,1902430000
4437;0,1898340000
4438;0,1908540000
4439;0,1903960000
4440;0,1906790000
4441;0,1900000000
4442;0,1894420000
4443;0,1902010000
4444;0,1907710000
4445;0,1903920000
4446;0,1944520000
4447;0,1944020000
4448;0,1917980000
4449;0,1928650000
4450;0,1920120000
4451;0,1913290000
4452;0,1901350000
4453;0,1916490000
4454;0,1922610000
4455;0,1937080000
4456;0,1956080000
4457;0,1921090000
4458;0,1914880000
4459;0,1929850000
4460;0,1930360000
4461;0,1933180000
4462;0,1921590000
4463;0,1927860000
4464;0,1937370000
4465;0,1933410000
4466;0,1931430000
4467;0,1936110000
4468;0,1937390000
4469;0,1944970000
4470;0,1941910000
4471;0,1935070000
4472;0,1945440000
4473;0,1937730000
4474;0,1936700000
4475;0,1926000000
4476;0,1899120000
4477;0,1905050000
4478;0,1919370000
4479;0,1911210000
4480;0,1902280000
4481;0,1939860000
4482;0,1951660000
4483;0,1954280000
4484;0,1954500000
4485;0,1982150000
4486;0,1953750000
4487;0,1950600000
4488;0,1940110000
4489;0,1935600000
4490;0,1957040000
4491;0,1946270000
4492;0,1975940000
4493;0,1963160000
4494;0,1966040000
4495;0,1968090000
4496;0,1962230000
4497;0,1954020000
4498;0,1948700000
4499;0,1940790000
4500;0,1955160000
4501;0,1967740000
4502;0,1963700000
4503;0,1952680000
4504;0,1956840000
4505;0,1959170000
4506;0,1956150000
4507;0,1956590000
4508;0,1959680000
4509;0,1968560000
4510;0,1960280000
4511;0,1969160000
4512;0,1966270000
4513;0,1958590000
4514;0,1964870000
4515;0,1964070000
4516;0,1967460000
4517;0,1968730000
4518;0,1963100000
4519;0,1968950000
4520;0,1963120000
4521;0,1971680000
4522;0,1973870000
4523;0,1990290000
4524;0,1985380000
4525;0,1991700000
4526;0,1993250000
4527;0,1999650000
4528;0,1993380000
4529;0,1988570000
4530;0,1998910000
4531;0,1988720000
4532;0,1995930000
4533;0,1991090000
4534;0,1984540000
4535;0,1991420000
4536;0,1992530000
4537;0,1992920000
4538;0,1989590000
4539;0,2010340000
4540;0,2029090000
4541;0,2022120000
4542;0,1995320000
4543;0,1990630000
4544;0,1988600000
4545;0,1993780000
4546;0,1998740000
4547;0,2000060000
4548;0,1993800000
4549;0,1997300000
4550;0,2111570000
4551;0,2020050000
4552;0,1988260000
4553;0,1997100000
4554;0,1991190000
4555;0,2000020000
4556;0,1998970000
4557;0,1996690000
4558;0,1996620000
4559;0,1996210000
4560;0,2006330000
4561;0,2003720000
4562;0,2003550000
4563;0,2001400000
4564;0,2004430000
4565;0,2009210000
4566;0,2000890000
4567;0,2008860000
4568;0,2012670000
4569;0,2008060000
4570;0,2020460000
4571;0,2011170000
4572;0,2015610000
4573;0,2014870000
4574;0,2014550000
4575;0,2021820000
4576;0,2017390000
4577;0,2016190000
4578;0,2019020000
4579;0,2024240000
4580;0,2034620000
4581;0,2037530000
4582;0,2027410000
4583;0,2025590000
4584;0,2025170000
4585;0,2030850000
4586;0,2034090000
4587;0,2024640000
4588;0,2022830000
4589;0,2028860000
4590;0,2035040000
4591;0,2038180000
4592;0,2027500000
4593;0,2032250000
4594;0,2040100000
4595;0,2054810000
4596;0,2047090000
4597;0,2053920000
4598;0,2035650000
4599;0,2034830000
4600;0,2042420000
4601;0,2040500000
4602;0,2043130000
4603;0,2039860000
4604;0,2048770000
4605;0,2055690000
4606;0,2056760000
4607;0,2057620000
4608;0,2057480000
4609;0,2063500000
4610;0,2060990000
4611;0,2060900000
4612;0,2058910000
4613;0,2059330000
4614;0,2066470000
4615;0,2057500000
4616;0,2054300000
4617;0,2058220000
4618;0,2055700000
4619;0,2063410000
4620;0,2061600000
4621;0,2071710000
4622;0,2068870000
4623;0,2072710000
4624;0,2073350000
4625;0,2066930000
4626;0,2062680000
4627;0,2059470000
4628;0,2063900000
4629;0,2075320000
4630;0,2073210000
4631;0,2077400000
4632;0,2075880000
4633;0,2080170000
4634;0,2095990000
4635;0,2093530000
4636;0,2094580000
4637;0,2070620000
4638;0,2074410000
4639;0,2071870000
4640;0,2084060000
4641;0,2089580000
4642;0,2079040000
4643;0,2121490000
4644;0,2151150000
4645;0,2130940000
4646;0,2110500000
4647;0,2091110000
4648;0,2099980000
4649;0,2094960000
4650;0,2110690000
4651;0,2075730000
4652;0,2092820000
4653;0,2089380000
4654;0,2083670000
4655;0,2077960000
4656;0,2086440000
4657;0,2087340000
4658;0,2091440000
4659;0,2109840000
4660;0,2123880000
4661;0,2107240000
4662;0,2118120000
4663;0,2120100000
4664;0,2116010000
4665;0,2099260000
4666;0,2093170000
4667;0,2104620000
4668;0,2117750000
4669;0,2124840000
4670;0,2119310000
4671;0,2114560000
4672;0,2115590000
4673;0,2116250000
4674;0,2130060000
4675;0,2118420000
4676;0,2123710000
4677;0,2130200000
4678;0,2128740000
4679;0,2130610000
4680;0,2130030000
4681;0,2126340000
4682;0,2133460000
4683;0,2130770000
4684;0,2134300000
4685;0,2129900000
4686;0,2126780000
4687;0,2129950000
4688;0,2134600000
4689;0,2135480000
4690;0,2138770000
4691;0,2137230000
4692;0,2139790000
4693;0,2128310000
4694;0,2118960000
4695;0,2121950000
4696;0,2121180000
4697;0,2156440000
4698;0,2173870000
4699;0,2158710000
4700;0,2154990000
4701;0,2143220000
4702;0,2139070000
4703;0,2152040000
4704;0,2144230000
4705;0,2146420000
4706;0,2153280000
4707;0,2152110000
4708;0,2149460000
4709;0,2151200000
4710;0,2146260000
4711;0,2146510000
4712;0,2154970000
4713;0,2158680000
4714;0,2156950000
4715;0,2157730000
4716;0,2155960000
4717;0,2162040000
4718;0,2151780000
4719;0,2161870000
4720;0,2161080000
4721;0,2167240000
4722;0,2187260000
4723;0,2169960000
4724;0,2164970000
4725;0,2166450000
4726;0,2172150000
4727;0,2172070000
4728;0,2162630000
4729;0,2168270000
4730;0,2165690000
4731;0,2168200000
4732;0,2165890000
4733;0,2170580000
4734;0,2175530000
4735;0,2170590000
4736;0,2175010000
4737;0,2180210000
4738;0,2173090000
4739;0,2176780000
4740;0,2176660000
4741;0,2171570000
4742;0,2192750000
4743;0,2173880000
4744;0,2199860000
4745;0,2192000000
4746;0,2194530000
4747;0,2197480000
4748;0,2178090000
4749;0,2172220000
4750;0,2173900000
4751;0,2183800000
4752;0,2179910000
4753;0,2174110000
4754;0,2173910000
4755;0,2190710000
4756;0,2198120000
4757;0,2181270000
4758;0,2211810000
4759;0,2206460000
4760;0,2207790000
4761;0,2202980000
4762;0,2188970000
4763;0,2184500000
4764;0,2184030000
4765;0,2185990000
4766;0,2186290000
4767;0,2185640000
4768;0,2182380000
4769;0,2190720000
4770;0,2205890000
4771;0,2184540000
4772;0,2190730000
4773;0,2195440000
4774;0,2203280000
4775;0,2199930000
4776;0,2196860000
4777;0,2197190000
4778;0,2202000000
4779;0,2203700000
4780;0,2201000000
4781;0,2203090000
4782;0,2224140000
4783;0,2203860000
4784;0,2214350000
4785;0,2232710000
4786;0,2209380000
4787;0,2210800000
4788;0,2209720000
4789;0,2219210000
4790;0,2211260000
4791;0,2203670000
4792;0,2222150000
4793;0,2222950000
4794;0,2237740000
4795;0,2233820000
4796;0,2237410000
4797;0,2236040000
4798;0,2231670000
4799;0,2214050000
4800;0,2217930000
4801;0,2223860000
4802;0,2218610000
4803;0,2231870000
4804;0,2233710000
4805;0,2245850000
4806;0,2242650000
4807;0,2247050000
4808;0,2241970000
4809;0,2240790000
4810;0,2250850000
4811;0,2249620000
4812;0,2250840000
4813;0,2250190000
4814;0,2257730000
4815;0,2254040000
4816;0,2252330000
4817;0,2254020000
4818;0,2251650000
4819;0,2253060000
4820;0,2253940000
4821;0,2250410000
4822;0,2250340000
4823;0,2252480000
4824;0,2252130000
4825;0,2245080000
4826;0,2243040000
4827;0,2242220000
4828;0,2247190000
4829;0,2270710000
4830;0,2252100000
4831;0,2249580000
4832;0,2249280000
4833;0,2248960000
4834;0,2268780000
4835;0,2256790000
4836;0,2285150000
4837;0,2278690000
4838;0,2271020000
4839;0,2252240000
4840;0,2254460000
4841;0,2269310000
4842;0,2267700000
4843;0,2268170000
4844;0,2284290000
4845;0,2285930000
4846;0,2292150000
4847;0,2289340000
4848;0,2259680000
4849;0,2290750000
4850;0,2305780000
4851;0,2283800000
4852;0,2283720000
4853;0,2290600000
4854;0,2291310000
4855;0,2281550000
4856;0,2287400000
4857;0,2280820000
4858;0,2282880000
4859;0,2292460000
4860;0,2292610000
4861;0,2283990000
4862;0,2290440000
4863;0,2286160000
4864;0,2298100000
4865;0,2297820000
4866;0,2294500000
4867;0,2292240000
4868;0,2293600000
4869;0,2295470000
4870;0,2292890000
4871;0,2289070000
4872;0,2300510000
4873;0,2304380000
4874;0,2303890000
4875;0,2300970000
4876;0,2301020000
4877;0,2311280000
4878;0,2308590000
4879;0,2310080000
4880;0,2306780000
4881;0,2309160000
4882;0,2314640000
4883;0,2305800000
4884;0,2312190000
4885;0,2310780000
4886;0,2314610000
4887;0,2317690000
4888;0,2309300000
4889;0,2317690000
4890;0,2307330000
4891;0,2321510000
4892;0,2317440000
4893;0,2326890000
4894;0,2327080000
4895;0,2323120000
4896;0,2322010000
4897;0,2320890000
4898;0,2327780000
4899;0,2328770000
4900;0,2333770000
4901;0,2336500000
4902;0,2338780000
4903;0,2332890000
4904;0,2339740000
4905;0,2319390000
4906;0,2323070000
4907;0,2351160000
4908;0,2347070000
4909;0,2342270000
4910;0,2344150000
4911;0,2346130000
4912;0,2351150000
4913;0,2339230000
4914;0,2357500000
4915;0,2355480000
4916;0,2358670000
4917;0,2350350000
4918;0,2346390000
4919;0,2351330000
4920;0,2352760000
4921;0,2353650000
4922;0,2352270000
4923;0,2354740000
4924;0,2344780000
4925;0,2349500000
4926;0,2352010000
4927;0,2358070000
4928;0,2354320000
4929;0,2328000000
4930;0,2319760000
4931;0,2330340000
4932;0,2330390000
4933;0,2321800000
4934;0,2325210000
4935;0,2331180000
4936;0,2331350000
4937;0,2328900000
4938;0,2332760000
4939;0,2340850000
4940;0,2332880000
4941;0,2336650000
4942;0,2340560000
4943;0,2332150000
4944;0,2339890000
4945;0,2339210000
4946;0,2345960000
4947;0,2343320000
4948;0,2344370000
4949;0,2349570000
4950;0,2341390000
4951;0,2345410000
4952;0,2345050000
4953;0,2352150000
4954;0,2370600000
4955;0,2338610000
4956;0,2330820000
4957;0,2339780000
4958;0,2352200000
4959;0,2357580000
4960;0,2358100000
4961;0,2360600000
4962;0,2352420000
4963;0,2361700000
4964;0,2358490000
4965;0,2360720000
4966;0,2367960000
4967;0,2361890000
4968;0,2357770000
4969;0,2366480000
4970;0,2369840000
4971;0,2384200000
4972;0,2348520000
4973;0,2354120000
4974;0,2343260000
4975;0,2359330000
4976;0,2349500000
4977;0,2354120000
4978;0,2420220000
4979;0,2410160000
4980;0,2407930000
4981;0,2396110000
4982;0,2397870000
4983;0,2396920000
4984;0,2371220000
4985;0,2363850000
4986;0,2368760000
4987;0,2375350000
4988;0,2363070000
4989;0,2370100000
4990;0,2351980000
4991;0,2369090000
4992;0,2405570000
4993;0,2370840000
4994;0,2370720000
4995;0,2381440000
4996;0,2378730000
4997;0,2378130000
4998;0,2370880000
4999;0,2374940000
5000;0,2386760000
5001;0,2401100000
5002;0,2398190000
5003;0,2400950000
5004;0,2405140000
5005;0,2399630000
5006;0,2404810000
5007;0,2402120000
5008;0,2406630000
5009;0,2402050000
5010;0,2406440000
5011;0,2411180000
5012;0,2404120000
5013;0,2409900000
5014;0,2406200000
5015;0,2407850000
5016;0,2411020000
5017;0,2412840000
5018;0,2411720000
5019;0,2416660000
5020;0,2418530000
5021;0,2426300000
5022;0,2421790000
5023;0,2417160000
5024;0,2419840000
5025;0,2419530000
5026;0,2408960000
5027;0,2412350000
5028;0,2407020000
5029;0,2429480000
5030;0,2474550000
5031;0,2420670000
5032;0,2424770000
5033;0,2425070000
5034;0,2419100000
5035;0,2423260000
5036;0,2425770000
5037;0,2446990000
5038;0,2429000000
5039;0,2422730000
5040;0,2423180000
5041;0,2426640000
5042;0,2430050000
5043;0,2477330000
5044;0,2460250000
5045;0,2462740000
5046;0,2473880000
5047;0,2446240000
5048;0,2444710000
5049;0,2448810000
5050;0,2444080000
5051;0,2453150000
5052;0,2450100000
5053;0,2452310000
5054;0,2453330000
5055;0,2449760000
5056;0,2444220000
5057;0,2444580000
5058;0,2443580000
5059;0,2444630000
5060;0,2476780000
5061;0,2462510000
5062;0,2491690000
5063;0,2522470000
5064;0,2463450000
5065;0,2482450000
5066;0,2481830000
5067;0,2501340000
5068;0,2473160000
5069;0,2473420000
5070;0,2492430000
5071;0,2487070000
5072;0,2470810000
5073;0,2485260000
5074;0,2487370000
5075;0,2533030000
5076;0,2527640000
5077;0,2543890000
5078;0,2458070000
5079;0,2423960000
5080;0,2431120000
5081;0,2428650000
5082;0,2456100000
5083;0,2435050000
5084;0,2432110000
5085;0,2431190000
5086;0,2444940000
5087;0,2477430000
5088;0,2473710000
5089;0,2468840000
5090;0,2472170000
5091;0,2481230000
5092;0,2475320000
5093;0,2480360000
5094;0,2481390000
5095;0,2488760000
5096;0,2479290000
5097;0,2486520000
5098;0,2486180000
5099;0,2492050000
5100;0,2479070000
5101;0,2543290000
5102;0,2493000000
5103;0,2493460000
5104;0,2490300000
5105;0,2492900000
5106;0,2484110000
5107;0,2547700000
5108;0,2552390000
5109;0,2561480000
5110;0,2564690000
5111;0,2503130000
5112;0,2494630000
5113;0,2509640000
5114;0,2499890000
5115;0,2497780000
5116;0,2492020000
5117;0,2503090000
5118;0,2517470000
5119;0,2513950000
5120;0,2493140000
5121;0,2494530000
5122;0,2497430000
5123;0,2531760000
5124;0,2565040000
5125;0,2532310000
5126;0,2553170000
5127;0,2539730000
5128;0,2504290000
5129;0,2512380000
5130;0,2511920000
5131;0,2525500000
5132;0,2523860000
5133;0,2527690000
5134;0,2531430000
5135;0,2530650000
5136;0,2527720000
5137;0,2534030000
5138;0,2529800000
5139;0,2536010000
5140;0,2526780000
5141;0,2525640000
5142;0,2532060000
5143;0,2623220000
5144;0,2593880000
5145;0,2598130000
5146;0,2539100000
5147;0,2536440000
5148;0,2533670000
5149;0,2539740000
5150;0,2537840000
5151;0,2549610000
5152;0,2538370000
5153;0,2540990000
5154;0,2541940000
5155;0,2546480000
5156;0,2542990000
5157;0,2544110000
5158;0,2542420000
5159;0,2539480000
5160;0,2546320000
5161;0,2552980000
5162;0,2557260000
5163;0,2548800000
5164;0,2548960000
5165;0,2559940000
5166;0,2561750000
5167;0,2552510000
5168;0,2556140000
5169;0,2556550000
5170;0,2563340000
5171;0,2561760000
5172;0,2566690000
5173;0,2558170000
5174;0,2561240000
5175;0,2556020000
5176;0,2564850000
5177;0,2568970000
5178;0,2561960000
5179;0,2545230000
5180;0,2552570000
5181;0,2552030000
5182;0,2546630000
5183;0,2561380000
5184;0,2553420000
5185;0,2560000000
5186;0,2561170000
5187;0,2571620000
5188;0,2598720000
5189;0,2598120000
5190;0,2587190000
5191;0,2582400000
5192;0,2601770000
5193;0,2575320000
5194;0,2587570000
5195;0,2584620000
5196;0,2588850000
5197;0,2595850000
5198;0,2594870000
5199;0,2582840000
5200;0,2598850000
5201;0,2599780000
5202;0,2594710000
5203;0,2596970000
5204;0,2584790000
5205;0,2591330000
5206;0,2598590000
5207;0,2597740000
5208;0,2598010000
5209;0,2601990000
5210;0,2602750000
5211;0,2601850000
5212;0,2610920000
5213;0,2588140000
5214;0,2581230000
5215;0,2586400000
5216;0,2587360000
5217;0,2588790000
5218;0,2597410000
5219;0,2611250000
5220;0,2605180000
5221;0,2605520000
5222;0,2630930000
5223;0,2649910000
5224;0,2648220000
5225;0,2598950000
5226;0,2600050000
5227;0,2616810000
5228;0,2638790000
5229;0,2632140000
5230;0,2634080000
5231;0,2636950000
5232;0,2681260000
5233;0,2682620000
5234;0,2628510000
5235;0,2639070000
5236;0,2627470000
5237;0,2631670000
5238;0,2635790000
5239;0,2629630000
5240;0,2630730000
5241;0,2623730000
5242;0,2632000000
5243;0,2629110000
5244;0,2660400000
5245;0,2644460000
5246;0,2641460000
5247;0,2638270000
5248;0,2645920000
5249;0,2643520000
5250;0,2638190000
5251;0,2654820000
5252;0,2641860000
5253;0,2649090000
5254;0,2650620000
5255;0,2646640000
5256;0,2650730000
5257;0,2693130000
5258;0,2768520000
5259;0,2765150000
5260;0,2808410000
5261;0,2751190000
5262;0,2737560000
5263;0,2800190000
5264;0,2782410000
5265;0,2792850000
5266;0,2746580000
5267;0,2685060000
5268;0,2696360000
5269;0,2724970000
5270;0,2809000000
5271;0,2745270000
5272;0,2700300000
5273;0,2710660000
5274;0,2702430000
5275;0,2731400000
5276;0,2763060000
5277;0,2777600000
5278;0,2825770000
5279;0,2848360000
5280;0,2789700000
5281;0,2832770000
5282;0,2816520000
5283;0,2781230000
5284;0,2721070000
5285;0,2765850000
5286;0,2834920000
5287;0,2944740000
5288;0,2918250000
5289;0,2924900000
5290;0,2899660000
5291;0,2925810000
5292;0,2887330000
5293;0,2912540000
5294;0,2793650000
5295;0,2760430000
5296;0,2845420000
52