0	29
1	29
2	41
3	53
4	61
5	62
6	78
7	79
8	86
9	89
10	92
11	93
12	92
13	97
14	107
15	109
16	111
17	119
18	119
19	136
20	136
21	150
22	156
23	142
24	143
25	147
26	168
27	170
28	169
29	172
30	177
31	184
32	177
33	174
34	177
35	190
36	191
37	193
38	192
39	207
40	202
41	228
42	233
43	230
44	216
45	226
46	213
47	215
48	222
49	228
50	220
51	228
52	231
53	238
54	232
55	242
56	258
57	243
58	237
59	244
60	236
61	230
62	289
63	314
64	311
65	318
66	325
67	338
68	336
69	356
70	365
71	373
72	365
73	346
74	360
75	357
76	359
77	379
78	354
79	337
80	338
81	359
82	349
83	366
84	356
85	365
86	365
87	364
88	392
89	380
90	368
91	388
92	390
93	371
94	384
95	415
96	408
97	413
98	429
99	458
100	423
101	407
102	457
103	442
104	371
105	381
106	398
107	402
108	396
109	416
110	407
111	413
112	433
113	476
114	469
115	471
116	468
117	479
118	485
119	505
120	488
121	496
122	442
123	504
124	491
125	543
126	489
127	525
128	518
129	542
130	533
131	533
132	521
133	520
134	522
135	564
136	552
137	530
138	539
139	571
140	518
141	533
142	546
143	517
144	511
145	500
146	506
147	508
148	506
149	508
150	518
151	513
152	516
153	508
154	536
155	536
156	525
157	547
158	559
159	555
160	571
161	569
162	564
163	559
164	564
165	570
166	570
167	574
168	587
169	620
170	628
171	600
172	592
173	613
174	614
175	637
176	674
177	680
178	664
179	680
180	711
181	624
182	654
183	616
184	647
185	608
186	620
187	693
188	702
189	686
190	639
191	678
192	670
193	650
194	647
195	689
196	650
197	698
198	697
199	700
200	705
201	715
202	720
203	691
204	670
205	672
206	684
207	690
208	701
209	702
210	704
211	715
212	707
213	711
214	729
215	745
216	753
217	744
218	758
219	758
220	756
221	757
222	811
223	731
224	758
225	791
226	768
227	774
228	768
229	839
230	790
231	798
232	790
233	790
234	795
235	777
236	813
237	786
238	814
239	830
240	830
241	847
242	853
243	831
244	825
245	822
246	847
247	862
248	904
249	898
250	849
251	863
252	874
253	895
254	879
255	885
256	874
257	875
258	897
259	892
260	853
261	943
262	902
263	946
264	966
265	918
266	859
267	964
268	860
269	870
270	885
271	880
272	915
273	871
274	924
275	933
276	972
277	892
278	912
279	901
280	968
281	1020
282	983
283	986
284	1041
285	1008
286	926
287	937
288	994
289	927
290	929
291	1054
292	1039
293	939
294	1022
295	1031
296	973
297	1031
298	1025
299	1027
300	1037
301	1016
302	1006
303	1015
304	1033
305	1041
306	1064
307	1066
308	1094
309	1052
310	1037
311	1034
312	1033
313	1033
314	1055
315	1070
316	1110
317	1025
318	1068
319	1067
320	1061
321	1107
322	1040
323	1047
324	1108
325	1118
326	1099
327	1122
328	1111
329	1048
330	1082
331	1098
332	1115
333	1160
334	1156
335	1118
336	1148
337	1106
338	1201
339	1162
340	1121
341	1093
342	1094
343	1111
344	1112
345	1095
346	1161
347	1169
348	1214
349	1176
350	1124
351	1142
352	1121
353	1122
354	1128
355	1164
356	1150
357	1177
358	1196
359	1231
360	1265
361	1238
362	1193
363	1162
364	1250
365	1170
366	1172
367	1226
368	1258
369	1268
370	1299
371	1273
372	1277
373	1297
374	1244
375	1253
376	1253
377	1264
378	1289
379	1282
380	1317
381	1383
382	1416
383	1372
384	1340
385	1319
386	1346
387	1311
388	1343
389	1343
390	1365
391	1366
392	1330
393	1270
394	1279
395	1345
396	1344
397	1340
398	1380
399	1385
400	1414
401	1418
402	1389
403	1356
404	1352
405	1331
406	1470
407	1463
408	1412
409	1482
410	1381
411	1473
412	1470
413	1451
414	1436
415	1415
416	1389
417	1379
418	1348
419	1456
420	1482
421	1481
422	1498
423	1431
424	1456
425	1428
426	1368
427	1431
428	1444
429	1480
430	1488
431	1443
432	1488
433	1468
434	1610
435	1434
436	1546
437	1579
438	1515
439	1482
440	1495
441	1539
442	1467
443	1539
444	1608
445	1590
446	1546
447	1584
448	1588
449	1541
450	1555
451	1555
452	1497
453	1555
454	1446
455	1466
456	1547
457	1560
458	1591
459	1597
460	1551
461	1650
462	1590
463	1688
464	1593
465	1613
466	1608
467	1662
468	1627
469	1647
470	1625
471	1541
472	1516
473	1590
474	1622
475	1631
476	1647
477	1608
478	1626
479	1621
480	1618
481	1585
482	1608
483	1650
484	1664
485	1649
486	1639
487	1703
488	1758
489	1750
490	1644
491	1663
492	1633
493	1636
494	1604
495	1732
496	1634
497	1651
498	1670
499	1635
500	1642
501	1660
502	1705
503	1715
504	1702
505	1672
506	1747
507	1841
508	1776
509	1661
510	1664
511	1651
512	1689
513	1741
514	1733
515	1702
516	1683
517	1695
518	1701
519	1807
520	1931
521	1833
522	1716
523	1736
524	1729
525	1745
526	1728
527	1702
528	1708
529	1685
530	1747
531	1772
532	1799
533	1830
534	1854
535	1816
536	1816
537	1817
538	1822
539	1957
540	1873
541	1846
542	1894
543	1779
544	1857
545	1871
546	1929
547	1965
548	1968
549	1896
550	1869
551	1889
552	1811
553	1915
554	1786
555	1860
556	1824
557	1830
558	1824
559	1814
560	1880
561	1886
562	1878
563	1923
564	1884
565	1871
566	1826
567	1841
568	1859
569	1825
570	1856
571	1862
572	1929
573	1909
574	1890
575	1896
576	1878
577	1892
578	1988
579	2000
580	2001
581	2013
582	2124
583	2132
584	2124
585	2044
586	1969
587	1976
588	2082
589	2130
590	2175
591	1957
592	1905
593	2031
594	2031
595	2320
596	2245
597	1956
598	1991
599	2032
600	2138
601	2202
602	2101
603	2028
604	2098
605	2090
606	1977
607	1977
608	2151
609	2176
610	2053
611	2036
612	2001
613	2022
614	2060
615	2077
616	2058
617	2004
618	2009
619	2030
620	2081
621	1993
622	2012
623	2083
624	2021
625	2003
626	2054
627	2046
628	2175
629	2126
630	2188
631	2062
632	2015
633	2405
634	2308
635	2154
636	2083
637	2061
638	2154
639	2193
640	2078
641	2106
642	2167
643	2133
644	2096
645	2225
646	2296
647	2186
648	2161
649	2081
650	2068
651	2077
652	2127
653	2137
654	2077
655	2066
656	2072
657	2356
658	2433
659	2107
660	2099
661	2076
662	2214
663	2324
664	2142
665	2101
666	2097
667	2150
668	2176
669	2292
670	2322
671	2257
672	2290
673	2337
674	2183
675	2128
676	2139
677	2162
678	2202
679	2360
680	2364
681	2330
682	2408
683	2471
684	2164
685	2183
686	2231
687	2394
688	2371
689	2247
690	2367
691	2380
692	2512
693	2516
694	2480
695	2280
696	2346
697	2480
698	2312
699	2232
700	2430
701	2453
702	2463
703	2433
704	2369
705	2301
706	2295
707	2347
708	2392
709	2291
710	2388
711	2605
712	2334
713	2298
714	2496
715	2555
716	2546
717	2362
718	2411
719	2383
720	2279
721	2477
722	2581
723	2330
724	2392
725	2428
726	2370
727	2378
728	2430
729	2398
730	2455
731	2510
732	2612
733	2488
734	2454
735	2361
736	2586
737	2641
738	2655
739	2656
740	2554
741	2359
742	2580
743	2453
744	2358
745	2494
746	2568
747	2520
748	2348
749	2411
750	2441
751	2390
752	2442
753	2431
754	2475
755	2588
756	2450
757	2418
758	2395
759	2397
760	2569
761	2757
762	2794
763	2538
764	2493
765	2459
766	2686
767	2539
768	2490
769	2502
770	2703
771	2761
772	2767
773	2760
774	2655
775	2661
776	2742
777	2848
778	2558
779	2602
780	2610
781	2786
782	2721
783	2787
784	2721
785	2673
786	2816
787	2694
788	2639
789	2617
790	2582
791	2854
792	2771
793	2633
794	2631
795	2585
796	2763
797	2626
798	2580
799	2566
800	2579
801	2730
802	2626
803	2684
804	2873
805	2582
806	2627
807	2728
808	2785
809	2809
810	2757
811	2675
812	2895
813	2853
814	2760
815	2756
816	2660
817	2620
818	2739
819	2695
820	2673
821	2967
822	2900
823	2713
824	2677
825	2738
826	2839
827	2713
828	2636
829	3017
830	2836
831	2794
832	2805
833	2726
834	2886
835	2819
836	2717
837	2929
838	2938
839	2769
840	2811
841	3069
842	3139
843	2819
844	2785
845	3116
846	3127
847	2929
848	2980
849	3025
850	2845
851	2787
852	2819
853	2875
854	2901
855	2969
856	2927
857	3257
858	2889
859	2859
860	3347
861	2880
862	2865
863	2792
864	2817
865	3011
866	3295
867	3137
868	2823
869	2992
870	2919
871	2888
872	3026
873	3198
874	3226
875	2963
876	3040
877	2948
878	3038
879	3038
880	3092
881	3162
882	3098
883	3344
884	3147
885	2923
886	3020
887	2916
888	3110
889	3073
890	3383
891	2901
892	2951
893	3259
894	3141
895	3041
896	3084
897	2912
898	3399
899	3195
900	3082
901	2961
902	2908
903	3048
904	3263
905	3151
906	3212
907	3083
908	3001
909	3315
910	3172
911	3251
912	3122
913	3068
914	3257
915	3189
916	3279
917	3171
918	3219
919	3251
920	3203
921	3343
922	3238
923	3274
924	3143
925	3134
926	3429
927	3188
928	3448
929	3439
930	3269
931	3441
932	3267
933	3410
934	3390
935	3190
936	3188
937	3179
938	3504
939	3549
940	3234
941	3294
942	3405
943	3728
944	3191
945	3442
946	3176
947	3059
948	3240
949	3487
950	3260
951	3924
952	3379
953	3393
954	3272
955	3230
956	3327
957	3251
958	3270
959	3388
960	3139
961	3389
962	3453
963	3145
964	3157
965	3276
966	3376
967	3157
968	3091
969	3408
970	3156
971	3532
972	3215
973	3172
974	3265
975	3428
976	3481
977	3574
978	3229
979	3404
980	3409
981	3517
982	3292
983	3441
984	3289
985	3268
986	3658
987	3375
988	3574
989	3551
990	3343
991	3255
992	3650
993	3650
994	3403
995	3318
996	3727
997	3494
998	3331
999	3242
1000	3392
1001	3714
1002	3840
1003	3688
1004	3911
1005	4000
1006	3775
1007	3923
1008	3574
1009	3696
1010	3942
1011	3885
1012	3873
1013	3639
1014	3639
1015	3441
1016	3575
1017	3332
1018	3606
1019	3618
1020	3678
1021	3596
1022	4032
1023	3926
1024	3821
1025	3908
1026	3734
1027	3778
1028	3675
1029	3520
1030	3611
1031	3744
1032	3723
1033	3796
1034	3480
1035	3548
1036	3543
1037	3691
1038	3632
1039	3682
1040	3706
1041	3713
1042	3840
1043	3592
1044	3520
1045	3726
1046	3520
1047	3587
1048	3678
1049	3492
1050	3681
1051	3557
1052	3485
1053	3465
1054	3806
1055	3963
1056	3702
1057	3549
1058	3624
1059	3785
1060	3575
1061	3718
1062	3863
1063	3808
1064	3762
1065	3833
1066	3651
1067	3654
1068	3855
1069	3687
1070	3916
1071	3878
1072	3608
1073	3752
1074	3834
1075	3608
1076	3705
1077	3763
1078	3919
1079	3980
1080	3712
1081	3641
1082	3845
1083	3920
1084	3972
1085	3992
1086	4036
1087	3890
1088	3721
1089	3648
1090	3798
1091	3744
1092	3654
1093	3739
1094	3950
1095	3774
1096	3923
1097	3705
1098	3850
1099	3903
1100	3849
1101	3771
1102	3846
1103	3771
1104	3819
1105	3927
1106	3758
1107	3748
1108	3670
1109	3827
1110	4092
1111	3764
1112	3849
1113	3811
1114	3931
1115	3796
1116	4130
1117	3825
1118	3923
1119	3765
1120	4091
1121	3780
1122	3739
1123	3760
1124	3784
1125	3742
1126	3921
1127	3815
1128	3847
1129	3736
1130	4062
1131	3877
1132	3905
1133	3827
1134	4203
1135	4104
1136	3811
1137	3796
1138	4080
1139	4193
1140	3947
1141	4137
1142	3954
1143	3864
1144	4061
1145	4038
1146	4242
1147	4001
1148	3954
1149	4345
1150	4042
1151	4205
1152	3985
1153	4095
1154	4041
1155	3996
1156	4008
1157	4172
1158	4006
1159	4109
1160	3893
1161	3889
1162	4124
1163	4215
1164	3998
1165	4012
1166	4036
1167	3902
1168	3932
1169	4161
1170	4212
1171	4152
1172	4078
1173	4110
1174	4144
1175	4104
1176	4444
1177	4124
1178	4158
1179	3968
1180	4114
1181	4231
1182	4383
1183	4193
1184	3997
1185	3992
1186	4332
1187	4201
1188	3941
1189	4253
1190	4263
1191	4255
1192	4363
1193	4387
1194	4247
1195	4239
1196	4197
1197	4168
1198	4533
1199	4299
1200	4147
1201	4015
1202	4406
1203	4167
1204	4172
1205	4014
1206	4299
1207	4302
1208	4296
1209	4369
1210	4180
1211	4076
1212	4124
1213	4151
1214	4377
1215	4222
1216	4276
1217	4247
1218	4266
1219	4254
1220	4320
1221	4613
1222	4511
1223	4414
1224	4318
1225	4222
1226	4300
1227	4190
1228	4391
1229	4486
1230	4290
1231	4306
1232	4436
1233	4431
1234	4497
1235	4338
1236	4363
1237	4628
1238	4293
1239	4383
1240	4495
1241	4161
1242	4329
1243	4370
1244	4201
1245	4412
1246	4484
1247	4605
1248	4353
1249	4429
1250	4563
1251	4306
1252	4363
1253	4377
1254	4454
1255	4540
1256	4559
1257	4417
1258	4420
1259	4641
1260	4598
1261	4626
1262	4676
1263	4525
1264	4471
1265	4650
1266	4524
1267	4554
1268	4350
1269	4507
1270	4616
1271	4691
1272	4475
1273	4657
1274	4771
1275	4559
1276	4439
1277	4641
1278	4651
1279	4729
1280	4686
1281	4603
1282	4766
1283	4563
1284	4581
1285	4706
1286	4756
1287	4612
1288	4550
1289	4806
1290	4574
1291	4776
1292	4641
1293	4448
1294	4768
1295	4654
1296	4727
1297	4766
1298	4689
1299	4856
1300	4656
1301	4573
1302	4481
1303	4599
1304	4472
1305	4763
1306	4735
1307	4722
1308	4739
1309	4836
1310	4685
1311	4770
1312	4813
1313	4671
1314	4781
1315	4677
1316	4565
1317	4692
1318	5027
1319	4645
1320	4918
1321	4838
1322	4724
1323	5122
1324	4774
1325	4971
1326	4813
1327	4719
1328	4746
1329	4994
1330	4722
1331	4770
1332	4993
1333	5082
1334	5181
1335	4963
1336	5119
1337	4938
1338	5061
1339	4814
1340	4839
1341	5017
1342	5008
1343	5124
1344	4731
1345	4830
1346	5017
1347	4906
1348	5106
1349	4892
1350	4993
1351	4790
1352	4886
1353	4813
1354	4839
1355	4889
1356	4599
1357	4710
1358	4828
1359	4754
1360	4702
1361	4882
1362	4890
1363	4917
1364	4715
1365	5052
1366	4830
1367	5060
1368	4788
1369	4825
1370	4744
1371	4859
1372	5109
1373	4784
1374	5039
1375	4843
1376	4860
1377	5593
1378	4807
1379	5052
1380	4875
1381	4789
1382	4832
1383	5029
1384	5037
1385	5238
1386	4912
1387	4865
1388	4961
1389	4977
1390	5015
1391	5092
1392	4967
1393	5225
1394	5074
1395	5790
1396	4846
1397	5160
1398	5126
1399	4913
1400	5084
1401	5477
1402	5209
1403	5062
1404	4965
1405	5178
1406	5327
1407	5119
1408	4986
1409	5013
1410	4989
1411	5176
1412	5028
1413	4920
1414	4899
1415	4958
1416	4971
1417	4914
1418	5018
1419	5103
1420	5187
1421	5329
1422	5311
1423	5359
1424	5250
1425	5252
1426	5369
1427	5043
1428	5040
1429	5198
1430	5169
1431	5440
1432	5256
1433	5601
1434	5267
1435	5303
1436	5418
1437	5100
1438	5133
1439	5236
1440	5488
1441	5190
1442	5686
1443	5535
1444	5322
1445	5344
1446	5584
1447	5677
1448	5282
1449	5374
1450	5433
1451	5292
1452	5104
1453	5215
1454	5511
1455	5375
1456	5477
1457	5494
1458	5581
1459	5625
1460	5271
1461	5387
1462	5694
1463	5225
1464	5279
1465	5568
1466	5409
1467	5263
1468	5279
1469	5275
1470	5278
1471	5384
1472	5492
1473	5535
1474	5531
1475	5458
1476	5478
1477	5597
1478	5702
1479	5774
1480	5523
1481	5535
1482	5524
1483	5684
1484	5506
1485	5319
1486	5268
1487	5548
1488	5677
1489	5470
1490	5520
1491	5518
1492	5510
1493	5572
1494	5598
1495	5637
1496	5593
1497	5404
1498	5341
1499	5513
1500	5569
1501	5331
1502	5328
1503	5490
1504	5550
1505	5492
1506	5497
1507	5540
1508	5369
1509	5521
1510	5692
1511	5666
1512	5405
1513	5591
1514	5552
1515	5915
1516	5428
1517	5471
1518	5574
1519	5577
1520	5502
1521	5460
1522	5566
1523	5519
1524	5687
1525	5417
1526	5732
1527	5701
1528	5519
1529	5666
1530	5643
1531	5674
1532	5436
1533	5550
1534	5756
1535	5736
1536	5782
1537	5687
1538	5636
1539	5647
1540	5477
1541	5544
1542	5710
1543	5757
1544	5522
1545	5549
1546	5856
1547	5599
1548	5457
1549	5543
1550	5583
1551	5688
1552	5558
1553	5825
1554	5776
1555	5657
1556	5549
1557	5596
1558	5714
1559	5796
1560	5649
1561	5793
1562	5607
1563	5812
1564	5746
1565	5681
1566	5773
1567	5923
1568	5649
1569	5819
1570	5647
1571	5751
1572	5836
1573	5582
1574	5861
1575	5669
1576	5774
1577	5776
1578	5764
1579	5856
1580	5757
1581	5889
1582	5841
1583	5912
1584	5698
1585	6092
1586	5791
1587	5820
1588	5786
1589	5703
1590	5709
1591	5873
1592	5667
1593	5753
1594	5870
1595	5930
1596	5701
1597	5789
1598	5897
1599	5780
1600	5692
1601	5803
1602	5907
1603	6067
1604	5918
1605	5842
1606	6009
1607	6096
1608	5827
1609	5990
1610	5891
1611	5961
1612	5982
1613	5836
1614	6099
1615	6070
1616	5916
1617	6022
1618	5862
1619	6022
1620	5919
1621	6000
1622	5930
1623	5930
1624	5862
1625	5972
1626	6041
1627	6023
1628	6278
1629	5975
1630	6097
1631	6078
1632	6015
1633	5886
1634	6026
1635	6185
1636	6062
1637	6186
1638	5983
1639	6193
1640	5951
1641	6237
1642	6162
1643	6247
1644	6022
1645	5997
1646	6011
1647	6216
1648	6059
1649	5949
1650	6183
1651	6020
1652	5981
1653	6235
1654	6340
1655	6072
1656	6028
1657	6104
1658	6243
1659	6043
1660	5941
1661	6176
1662	6198
1663	6040
1664	6087
1665	6029
1666	6125
1667	6378
1668	6054
1669	6133
1670	6422
1671	6189
1672	6147
1673	6234
1674	6281
1675	6286
1676	6045
1677	6021
1678	6198
1679	6364
1680	6248
1681	6217
1682	6290
1683	6374
1684	6168
1685	6210
1686	6388
1687	6399
1688	6362
1689	6258
1690	6378
1691	6352
1692	6141
1693	6344
1694	6241
1695	6397
1696	6422
1697	6595
1698	6298
1699	6503
1700	6068
1701	6252
1702	6371
1703	6478
1704	6187
1705	6331
1706	6394
1707	6461
1708	6380
1709	6191
1710	6350
1711	6607
1712	6500
1713	6217
1714	6419
1715	6329
1716	6427
1717	6205
1718	6363
1719	6502
1720	6389
1721	6332
1722	6413
1723	6255
1724	6437
1725	6296
1726	6549
1727	6168
1728	6462
1729	6702
1730	6658
1731	6479
1732	6388
1733	6395
1734	6362
1735	6726
1736	6527
1737	7452
1738	6204
1739	6491
1740	6562
1741	6681
1742	6518
1743	6511
1744	6515
1745	6508
1746	6552
1747	6723
1748	6293
1749	6487
1750	6531
1751	6613
1752	6451
1753	6330
1754	6448
1755	6536
1756	6451
1757	6411
1758	6602
1759	6686
1760	6597
1761	6646
1762	6653
1763	6610
1764	6711
1765	6546
1766	6769
1767	6701
1768	6487
1769	6531
1770	6672
1771	6460
1772	6650
1773	6713
1774	6451
1775	6452
1776	6542
1777	6516
1778	6901
1779	6744
1780	6557
1781	6694
1782	6901
1783	6687
1784	6740
1785	6712
1786	6840
1787	6651
1788	6631
1789	6756
1790	6642
1791	6589
1792	6597
1793	6945
1794	6928
1795	6596
1796	6630
1797	6728
1798	7054
1799	7002
1800	6909
1801	6706
1802	6973
1803	6888
1804	6756
1805	6785
1806	6920
1807	7050
1808	6716
1809	6799
1810	6955
1811	6969
1812	6603
1813	6746
1814	6925
1815	6875
1816	7019
1817	6872
1818	6909
1819	7310
1820	7259
1821	6811
1822	6873
1823	6826
1824	6813
1825	6814
1826	6791
1827	6748
1828	6670
1829	6859
1830	6937
1831	7012
1832	6766
1833	7056
1834	6791
1835	6872
1836	6761
1837	6968
1838	6953
1839	6669
1840	6474
1841	6906
1842	7052
1843	6838
1844	6734
1845	6732
1846	7318
1847	7190
1848	6826
1849	6767
1850	6978
1851	7028
1852	6903
1853	6753
1854	7060
1855	7030
1856	6886
1857	6715
1858	7216
1859	7104
1860	6737
1861	6815
1862	6926
1863	6942
1864	6813
1865	6889
1866	6966
1867	6968
1868	7034
1869	6943
1870	7193
1871	7064
1872	7100
1873	6975
1874	7183
1875	6948
1876	6981
1877	7061
1878	6982
1879	7133
1880	6800
1881	7228
1882	7068
1883	7212
1884	7158
1885	7122
1886	7355
1887	7574
1888	7148
1889	7169
1890	7285
1891	7269
1892	7061
1893	7036
1894	7337
1895	7342
1896	7359
1897	7177
1898	7072
1899	7333
1900	7278
1901	7362
1902	7361
1903	7402
1904	7179
1905	7270
1906	7426
1907	7379
1908	7395
1909	7128
1910	7459
1911	7165
1912	7209
1913	7230
1914	7295
1915	7451
1916	7480
1917	7479
1918	7445
1919	7293
1920	7417
1921	7290
1922	7377
1923	7405
1924	8444
1925	7497
1926	7476
1927	7162
1928	7164
1929	7073
1930	7368
1931	7375
1932	7394
1933	7327
1934	7253
1935	7227
1936	7075
1937	7253
1938	7356
1939	7236
1940	7197
1941	7313
1942	7425
1943	7292
1944	7206
1945	7319
1946	7384
1947	7581
1948	7259
1949	7242
1950	7352
1951	7660
1952	7312
1953	7275
1954	7560
1955	7594
1956	7407
1957	7394
1958	7458
1959	7433
1960	7451
1961	7404
1962	7618
1963	7566
1964	7293
1965	7505
1966	7505
1967	7477
1968	7536
1969	7462
1970	7454
1971	7400
1972	7321
1973	7444
1974	7513
1975	7609
1976	7336
1977	7403
1978	7616
1979	7730
1980	7623
1981	7568
1982	7591
1983	7394
1984	7426
1985	7491
1986	7667
1987	7586
1988	7358
1989	7552
1990	7564
1991	7704
1992	7521
1993	7404
1994	7609
1995	7812
1996	7703
1997	7699
1998	7538
1999	7696
