0	28
1	29
2	40
3	45
4	44
5	54
6	67
7	66
8	70
9	72
10	75
11	80
12	69
13	74
14	76
15	83
16	81
17	100
18	110
19	113
20	111
21	121
22	108
23	132
24	112
25	119
26	135
27	147
28	143
29	126
30	157
31	161
32	164
33	171
34	177
35	184
36	165
37	168
38	191
39	194
40	195
41	203
42	203
43	213
44	207
45	208
46	218
47	228
48	266
49	279
50	293
51	271
52	294
53	295
54	300
55	259
56	287
57	278
58	276
59	284
60	281
61	294
62	309
63	292
64	288
65	327
66	317
67	316
68	346
69	339
70	316
71	325
72	317
73	338
74	292
75	296
76	301
77	304
78	309
79	312
80	296
81	316
82	322
83	326
84	325
85	372
86	357
87	402
88	364
89	377
90	368
91	369
92	376
93	396
94	394
95	344
96	351
97	354
98	357
99	356
100	358
101	340
102	366
103	369
104	375
105	384
106	386
107	387
108	359
109	399
110	402
111	416
112	410
113	401
114	400
115	417
116	378
117	411
118	418
119	427
120	423
121	422
122	441
123	440
124	414
125	447
126	427
127	479
128	444
129	437
130	488
131	483
132	491
133	489
134	488
135	517
136	506
137	532
138	543
139	568
140	569
141	581
142	558
143	589
144	540
145	497
146	518
147	500
148	510
149	514
150	493
151	522
152	548
153	554
154	577
155	569
156	578
157	571
158	573
159	574
160	553
161	572
162	567
163	584
164	578
165	703
166	608
167	613
168	609
169	612
170	840
171	587
172	593
173	595
174	597
175	601
176	604
177	596
178	602
179	612
180	641
181	609
182	628
183	633
184	639
185	622
186	663
187	627
188	626
189	628
190	635
191	614
192	641
193	665
194	663
195	678
196	673
197	679
198	705
199	695
200	696
201	718
202	700
203	705
204	706
205	725
206	728
207	686
208	723
209	690
210	749
211	810
212	654
213	697
214	749
215	791
216	741
217	744
218	818
219	742
220	758
221	749
222	772
223	762
224	758
225	763
226	801
227	772
228	751
229	792
230	809
231	784
232	817
233	853
234	817
235	788
236	869
237	891
238	855
239	812
240	870
241	856
242	799
243	858
244	793
245	863
246	806
247	814
248	803
249	851
250	849
251	847
252	852
253	840
254	827
255	833
256	851
257	849
258	830
259	938
260	835
261	864
262	902
263	933
264	881
265	886
266	903
267	888
268	880
269	889
270	943
271	939
272	942
273	896
274	904
275	1000
276	932
277	929
278	912
279	1007
280	927
281	954
282	981
283	946
284	941
285	943
286	957
287	923
288	972
289	1017
290	953
291	977
292	984
293	968
294	994
295	995
296	995
297	997
298	1007
299	1110
300	1016
301	1105
302	1006
303	985
304	1027
305	969
306	988
307	1042
308	1121
309	1028
310	994
311	1056
312	1019
313	1068
314	1065
315	1069
316	1059
317	1041
318	1085
319	1082
320	1083
321	1131
322	1069
323	1088
324	1087
325	1103
326	1103
327	1101
328	1042
329	1068
330	1050
331	1121
332	1146
333	1147
334	1085
335	1078
336	1072
337	1082
338	1165
339	1164
340	1147
341	1181
342	1140
343	1183
344	1151
345	1160
346	1202
347	1166
348	1161
349	1124
350	1185
351	1134
352	1140
353	1134
354	1159
355	1178
356	1175
357	1194
358	1232
359	1264
360	1199
361	1151
362	1169
363	1195
364	1246
365	1198
366	1200
367	1197
368	1141
369	1162
370	1243
371	1251
372	1236
373	1240
374	1241
375	1257
376	1296
377	1266
378	1272
379	1278
380	1307
381	1313
382	1278
383	1327
384	1241
385	1230
386	1355
387	1354
388	1306
389	1275
390	1354
391	1341
392	1334
393	1336
394	1347
395	1356
396	1337
397	1386
398	1279
399	1421
400	1312
401	1300
402	1363
403	1424
404	1395
405	1387
406	1329
407	1297
408	1337
409	1337
410	1381
411	1399
412	1374
413	1372
414	1334
415	1402
416	1338
417	1399
418	1405
419	1418
420	1402
421	1403
422	1395
423	1377
424	1341
425	1439
426	1443
427	1443
428	1377
429	1408
430	1431
431	1455
432	1450
433	1447
434	1477
435	1470
436	1408
437	1395
438	1465
439	1512
440	1466
441	1474
442	1488
443	1527
444	1462
445	1523
446	1516
447	1569
448	1544
449	1507
450	1525
451	1534
452	1496
453	1500
454	1562
455	1587
456	1640
457	1654
458	1594
459	1532
460	1511
461	1529
462	1558
463	1661
464	1564
465	1478
466	1519
467	1584
468	1543
469	1561
470	1576
471	1602
472	1489
473	1549
474	1623
475	1662
476	1561
477	1581
478	1581
479	1599
480	1627
481	1576
482	1588
483	1598
484	1576
485	1573
486	1606
487	1588
488	1638
489	1640
490	1674
491	1669
492	1659
493	1712
494	1708
495	1690
496	1639
497	1670
498	1734
499	1730
500	1677
501	1676
502	1678
503	1682
504	1704
505	1614
506	1649
507	1642
508	1642
509	1683
510	1700
511	1701
512	1696
513	1745
514	1828
515	1754
516	1694
517	1683
518	1698
519	1669
520	1777
521	1872
522	1877
523	1862
524	1835
525	1747
526	1810
527	1844
528	1816
529	1884
530	1865
531	1817
532	1774
533	1694
534	1811
535	1838
536	1794
537	1776
538	1781
539	1783
540	1847
541	1843
542	1793
543	1791
544	1834
545	1851
546	1763
547	1756
548	1858
549	1914
550	1825
551	1773
552	1766
553	1751
554	1800
555	1847
556	1831
557	1833
558	1849
559	1854
560	1842
561	1810
562	1813
563	1892
564	1900
565	1938
566	1896
567	1825
568	1837
569	2036
570	1984
571	1833
572	1950
573	1968
574	1969
575	1885
576	1887
577	1890
578	1916
579	1990
580	1987
581	1907
582	1888
583	1938
584	2013
585	2150
586	2096
587	2059
588	2008
589	1920
590	2001
591	2035
592	1979
593	1934
594	2011
595	2060
596	2030
597	2018
598	2111
599	2128
600	2094
601	2089
602	2075
603	2011
604	1892
605	1906
606	1987
607	2067
608	2124
609	2072
610	2049
611	2015
612	1917
613	1956
614	1999
615	2006
616	2027
617	1949
618	1982
619	2019
620	1999
621	1976
622	2060
623	2070
624	2020
625	2027
626	2074
627	2036
628	2159
629	2065
630	2002
631	2110
632	2118
633	2088
634	2078
635	2202
636	2144
637	1996
638	2136
639	2267
640	2130
641	2108
642	2092
643	2089
644	2062
645	2134
646	2268
647	2160
648	2104
649	2077
650	2129
651	2307
652	2249
653	2100
654	2147
655	2128
656	2059
657	2129
658	2384
659	2225
660	2076
661	2112
662	2130
663	2083
664	2178
665	2188
666	2327
667	2335
668	2285
669	2229
670	2188
671	2172
672	2162
673	2225
674	2204
675	2142
676	2162
677	2184
678	2411
679	2247
680	2126
681	2256
682	2239
683	2180
684	2237
685	2275
686	2164
687	2225
688	2320
689	2243
690	2276
691	2368
692	2244
693	2169
694	2319
695	2354
696	2286
697	2222
698	2204
699	2190
700	2384
701	2513
702	2582
703	2400
704	2220
705	2221
706	2264
707	2292
708	2287
709	2326
710	2391
711	2299
712	2256
713	2293
714	2398
715	2440
716	2367
717	2331
718	2306
719	2373
720	2329
721	2285
722	2287
723	2295
724	2339
725	2460
726	2387
727	2347
728	2556
729	2598
730	2664
731	2628
732	2486
733	2338
734	2683
735	2605
736	2613
737	2295
738	2354
739	2356
740	2362
741	2516
742	2496
743	2398
744	2400
745	2398
746	2402
747	2438
748	2450
749	2519
750	2368
751	2442
752	2485
753	2558
754	2603
755	2550
756	2466
757	2750
758	2585
759	2522
760	2465
761	2488
762	2448
763	2435
764	2378
765	2598
766	2576
767	2451
768	2744
769	2711
770	2721
771	2703
772	2593
773	2672
774	2678
775	2525
776	2499
777	2472
778	2462
779	2464
780	2898
781	2583
782	2510
783	2556
784	2860
785	2592
786	2598
787	2768
788	2500
789	2761
790	2752
791	2623
792	2828
793	2552
794	2670
795	2757
796	2823
797	2531
798	2658
799	2624
800	2549
801	2676
802	2613
803	2619
804	2579
805	2560
806	2584
807	2592
808	2563
809	2561
810	2619
811	2588
812	2814
813	2700
814	2710
815	2995
816	2748
817	2661
818	2778
819	2746
820	2637
821	2802
822	2594
823	2756
824	2868
825	2936
826	2836
827	2645
828	2683
829	2687
830	2702
831	2703
832	2723
833	2940
834	2974
835	2796
836	2671
837	2636
838	2705
839	2846
840	2718
841	2674
842	2733
843	2811
844	2833
845	2748
846	2690
847	2815
848	3066
849	2762
850	2757
851	2762
852	2843
853	2956
854	3000
855	2896
856	2788
857	3050
858	2932
859	2816
860	2770
861	2830
862	2893
863	2812
864	2985
865	3033
866	3085
867	2930
868	2929
869	3065
870	2961
871	2786
872	2901
873	3103
874	3013
875	2803
876	3060
877	3041
878	2980
879	2839
880	2805
881	2971
882	2908
883	2997
884	3063
885	2911
886	2990
887	3067
888	2922
889	3133
890	2918
891	3133
892	3021
893	3257
894	3069
895	3052
896	2890
897	2885
898	2899
899	2887
900	2897
901	3112
902	3074
903	3033
904	2992
905	2906
906	3145
907	3312
908	3246
909	3128
910	3124
911	3091
912	2896
913	2986
914	3211
915	3279
916	3182
917	3144
918	2990
919	3142
920	3104
921	3008
922	3034
923	3086
924	3118
925	3078
926	3299
927	3304
928	3095
929	3001
930	3069
931	3066
932	3209
933	3424
934	3343
935	3281
936	3070
937	3182
938	3160
939	3339
940	3148
941	3086
942	3037
943	3184
944	3133
945	3050
946	3328
947	3059
948	3108
949	3057
950	3069
951	3146
952	3240
953	3315
954	3252
955	3252
956	3249
957	3308
958	3215
959	3180
960	3107
961	3117
962	3177
963	3397
964	3357
965	3097
966	3178
967	3365
968	3264
969	3157
970	3425
971	3566
972	3254
973	3220
974	3249
975	3499
976	3320
977	3486
978	3335
979	3381
980	3358
981	3389
982	3578
983	3447
984	3234
985	3301
986	3346
987	3223
988	3232
989	3328
990	3263
991	3471
992	3578
993	3331
994	3578
995	3631
996	3397
997	3517
998	3269
999	3271
1000	3274
1001	3270
1002	3311
1003	3308
1004	3263
1005	3410
1006	3284
1007	3271
1008	3310
1009	3316
1010	3413
1011	3367
1012	3369
1013	3637
1014	3551
1015	3553
1016	3574
1017	3363
1018	3403
1019	3537
1020	3424
1021	3297
1022	3615
1023	3742
1024	3501
1025	3346
1026	3470
1027	3409
1028	3500
1029	3400
1030	3399
1031	3375
1032	3441
1033	3626
1034	3588
1035	3654
1036	3467
1037	3737
1038	3609
1039	3637
1040	3479
1041	3496
1042	3490
1043	3610
1044	3531
1045	3675
1046	3428
1047	3549
1048	3554
1049	3619
1050	3814
1051	3437
1052	3664
1053	3545
1054	3521
1055	3763
1056	3577
1057	3513
1058	3765
1059	3505
1060	3681
1061	3816
1062	3717
1063	3820
1064	3675
1065	3556
1066	3650
1067	3517
1068	3515
1069	3582
1070	3624
1071	3741
1072	3890
1073	3652
1074	3650
1075	3780
1076	3768
1077	3835
1078	3584
1079	3576
1080	3856
1081	3731
1082	3791
1083	3578
1084	3630
1085	3646
1086	3621
1087	3775
1088	3635
1089	3846
1090	3819
1091	3771
1092	3882
1093	3886
1094	3691
1095	3706
1096	3679
1097	3758
1098	3751
1099	3728
1100	3963
1101	3680
1102	3890
1103	3869
1104	3686
1105	3773
1106	3743
1107	3935
1108	3879
1109	4004
1110	4027
1111	3813
1112	3982
1113	3701
1114	3873
1115	3734
1116	3900
1117	3864
1118	3825
1119	3833
1120	3941
1121	3867
1122	4000
1123	4050
1124	3838
1125	3905
1126	3798
1127	3884
1128	3839
1129	3910
1130	3801
1131	3907
1132	4082
1133	4006
1134	3849
1135	4062
1136	3832
1137	3745
1138	3952
1139	4122
1140	4010
1141	3794
1142	3946
1143	4197
1144	3838
1145	3865
1146	4124
1147	3875
1148	4190
1149	4047
1150	4117
1151	4239
1152	3904
1153	3991
1154	4035
1155	4076
1156	4050
1157	4164
1158	3868
1159	4148
1160	4152
1161	3985
1162	4061
1163	4118
1164	4236
1165	4228
1166	4155
1167	4222
1168	4124
1169	3911
1170	3978
1171	3927
1172	3922
1173	4156
1174	3996
1175	3999
1176	3902
1177	4214
1178	4175
1179	4151
1180	3909
1181	4083
1182	4162
1183	4284
1184	4068
1185	4014
1186	4246
1187	4170
1188	4059
1189	3971
1190	3988
1191	4139
1192	4121
1193	4058
1194	4129
1195	4015
1196	4345
1197	4109
1198	4264
1199	4459
1200	5897
1201	5883
1202	5888
1203	6304
1204	5982
1205	5957
1206	6092
1207	6000
1208	6094
1209	6143
1210	5985
1211	5937
1212	5907
1213	6013
1214	5987
1215	6157
1216	6013
1217	5917
1218	6137
1219	6139
1220	5973
1221	6120
1222	6156
1223	6207
1224	5849
1225	4975
1226	4575
1227	4403
1228	4240
1229	4089
1230	4387
1231	4483
1232	4327
1233	4519
1234	4337
1235	4264
1236	4354
1237	4254
1238	4245
1239	4397
1240	4354
1241	4290
1242	4372
1243	4429
1244	4325
1245	4252
1246	4270
1247	4539
1248	4459
1249	4224
1250	4485
1251	4632
1252	4398
1253	4349
1254	4282
1255	4402
1256	4325
1257	4369
1258	4318
1259	4626
1260	4669
1261	4328
1262	4416
1263	5604
1264	6239
1265	6214
1266	6532
1267	6527
1268	6458
1269	6292
1270	6488
1271	6755
1272	6349
1273	6342
1274	5038
1275	4638
1276	4506
1277	4578
1278	4373
1279	4531
1280	4357
1281	4545
1282	4566
1283	4590
1284	4455
1285	4465
1286	4759
1287	4526
1288	4469
1289	4535
1290	4552
1291	4572
1292	4783
1293	4466
1294	4656
1295	4659
1296	4499
1297	4618
1298	4496
1299	4465
1300	4715
1301	4531
1302	4501
1303	4459
1304	4672
1305	4437
1306	4585
1307	4715
1308	4511
1309	4624
1310	4630
1311	4658
1312	4674
1313	4747
1314	4687
1315	4536
1316	4599
1317	4647
1318	4736
1319	4578
1320	4812
1321	4783
1322	4962
1323	4762
1324	4784
1325	4986
1326	4810
1327	4930
1328	4587
1329	4861
1330	4792
1331	4928
1332	4669
1333	4764
1334	4897
1335	4621
1336	4647
1337	4722
1338	4673
1339	6110
1340	7075
1341	6907
1342	7284
1343	7172
1344	6791
1345	6867
1346	7313
1347	7070
1348	6073
1349	4982
1350	4881
1351	4659
1352	4800
1353	4844
1354	4743
1355	4780
1356	4889
1357	4826
1358	4809
1359	4762
1360	4679
1361	4899
1362	4946
1363	5012
1364	4896
1365	4863
1366	5012
1367	4762
1368	4730
1369	4817
1370	4798
1371	4869
1372	4956
1373	4932
1374	4960
1375	5045
1376	5029
1377	4843
1378	5136
1379	4770
1380	5067
1381	5007
1382	4926
1383	4895
1384	4960
1385	5126
1386	5019
1387	4990
1388	4948
1389	4909
1390	4836
1391	4947
1392	5090
1393	4903
1394	5238
1395	5045
1396	4846
1397	4938
1398	5241
1399	5182
1400	4994
1401	4910
1402	4940
1403	5039
1404	5178
1405	4953
1406	5121
1407	5055
1408	5129
1409	5152
1410	5064
1411	5103
1412	5102
1413	5231
1414	4998
1415	5053
1416	5164
1417	5157
1418	5215
1419	5337
1420	5326
1421	5089
1422	5244
1423	4964
1424	5018
1425	5084
1426	5156
1427	5236
1428	5031
1429	5302
1430	5206
1431	5051
1432	5076
1433	5152
1434	5424
1435	5197
1436	5211
1437	5075
1438	5409
1439	5209
1440	5288
1441	5235
1442	5546
1443	5382
1444	5259
1445	5258
1446	5414
1447	5298
1448	5206
1449	5487
1450	5455
1451	5164
1452	5311
1453	5151
1454	5324
1455	5259
1456	5318
1457	5112
1458	5218
1459	5403
1460	5408
1461	5270
1462	5248
1463	5469
1464	5221
1465	5233
1466	5586
1467	5215
1468	5536
1469	5450
1470	5466
1471	5334
1472	5204
1473	5342
1474	5432
1475	5447
1476	5502
1477	5554
1478	5197
1479	5298
1480	5311
1481	5670
1482	5310
1483	5478
1484	5417
1485	5354
1486	5650
1487	5432
1488	5502
1489	5422
1490	5436
1491	5625
1492	5671
1493	5505
1494	5519
1495	5503
1496	5652
1497	5614
1498	5553
1499	5673
1500	5390
1501	5346
1502	5385
1503	5357
1504	5322
1505	5440
1506	5384
1507	5540
1508	5569
1509	5354
1510	5473
1511	5616
1512	5547
1513	5409
1514	5646
1515	5552
1516	5524
1517	5384
1518	5485
1519	5678
1520	5565
1521	5487
1522	5497
1523	5394
1524	5626
1525	5625
1526	5659
1527	5639
1528	5538
1529	5557
1530	5861
1531	5715
1532	5397
1533	5499
1534	5757
1535	5853
1536	5716
1537	5722
1538	5920
1539	5888
1540	5529
1541	5470
1542	5724
1543	5658
1544	5806
1545	5782
1546	5543
1547	5761
1548	5675
1549	5599
1550	5659
1551	5708
1552	5596
1553	5580
1554	5729
1555	5815
1556	5560
1557	5844
1558	5584
1559	5859
1560	5561
1561	5751
1562	5731
1563	5689
1564	5608
1565	5589
1566	5805
1567	5927
1568	5651
1569	5638
1570	5725
1571	5990
1572	5838
1573	5816
1574	5702
1575	5834
1576	5785
1577	5710
1578	5692
1579	5923
1580	5849
1581	5994
1582	5977
1583	5717
1584	6028
1585	5770
1586	5983
1587	5926
1588	5802
1589	5967
1590	6030
1591	6132
1592	6146
1593	5885
1594	5852
1595	5923
1596	6038
1597	5706
1598	6019
1599	6133
1600	5792
1601	6157
1602	5934
1603	5989
1604	5829
1605	6014
1606	5875
1607	5811
1608	5718
1609	5873
1610	6061
1611	6009
1612	6045
1613	6286
1614	6055
1615	6158
1616	5985
1617	5890
1618	5942
1619	5982
1620	5947
1621	5941
1622	6152
1623	6157
1624	6084
1625	5882
1626	5950
1627	6084
1628	5928
1629	6044
1630	5958
1631	5957
1632	6135
1633	5939
1634	5975
1635	6081
1636	6013
1637	6135
1638	6087
1639	6019
1640	5946
1641	5949
1642	6181
1643	6296
1644	5998
1645	6132
1646	6328
1647	6143
1648	6256
1649	6293
1650	6086
1651	6058
1652	6251
1653	6212
1654	6132
1655	6208
1656	6088
1657	6203
1658	6207
1659	6141
1660	6122
1661	6352
1662	6319
1663	6422
1664	6276
1665	6296
1666	6115
1667	6153
1668	6133
1669	6090
1670	6192
1671	6469
1672	6299
1673	6140
1674	6475
1675	6536
1676	6181
1677	6160
1678	6211
1679	6126
1680	6197
1681	6555
1682	6349
1683	6404
1684	6248
1685	6192
1686	6300
1687	6290
1688	6262
1689	6175
1690	6500
1691	6482
1692	6339
1693	6381
1694	6302
1695	6446
1696	6275
1697	6352
1698	6285
1699	6328
1700	6157
1701	6244
1702	6500
1703	6428
1704	6299
1705	6405
1706	8723
1707	10291
1708	10441
1709	10368
1710	10405
1711	10327
1712	10042
1713	10100
1714	10254
1715	10241
1716	10033
1717	10269
1718	10546
1719	10377
1720	10396
1721	10337
1722	10311
1723	10406
1724	10195
1725	10207
1726	10518
1727	10359
1728	8774
1729	6504
1730	6698
1731	6529
1732	6610
1733	6466
1734	6648
1735	6582
1736	9037
1737	10222
1738	10638
1739	10524
1740	10314
1741	10363
1742	10737
1743	10415
1744	10541
1745	10326
1746	10621
1747	10532
1748	10429
1749	10362
1750	10559
1751	10439
1752	8523
1753	6514
1754	6642
1755	6607
1756	6604
1757	6860
1758	6725
1759	6650
1760	6600
1761	6575
1762	6958
1763	6886
1764	6602
1765	6571
1766	6628
1767	6735
1768	6565
1769	6835
1770	6636
1771	6710
1772	6726
1773	6600
1774	6962
1775	6716
1776	6715
1777	8719
1778	10756
1779	7861
1780	6676
1781	6783
1782	6786
1783	6703
1784	6720
1785	6680
1786	6693
1787	6590
1788	6809
1789	6886
1790	6651
1791	6721
1792	6871
1793	6817
1794	6940
1795	6727
1796	6608
1797	6643
1798	6833
1799	6712
1800	6851
1801	6921
1802	6941
1803	6700
1804	6891
1805	6867
1806	6955
1807	6934
1808	6788
1809	6762
1810	6818
1811	6814
1812	6753
1813	6764
1814	6797
1815	6959
1816	6819
1817	6953
1818	7034
1819	7006
1820	6836
1821	6764
1822	7002
1823	6900
1824	6756
1825	6762
1826	6983
1827	6905
1828	6939
1829	6926
1830	7125
1831	6898
1832	6727
1833	6934
1834	7023
1835	6946
1836	6797
1837	7094
1838	7143
1839	6976
1840	7053
1841	7045
1842	7225
1843	6990
1844	6807
1845	6843
1846	7155
1847	7027
1848	7001
1849	7032
1850	7100
1851	7275
1852	7215
1853	7115
1854	7263
1855	6985
1856	7219
1857	7069
1858	7277
1859	7189
1860	7187
1861	7144
1862	7119
1863	7067
1864	6958
1865	7113
1866	7082
1867	7186
1868	7037
1869	7042
1870	7275
1871	7319
1872	6949
1873	7227
1874	6965
1875	7291
1876	7033
1877	7069
1878	7286
1879	7246
1880	7102
1881	7244
1882	7134
1883	7208
1884	7161
1885	9609
1886	11647
1887	11346
1888	11113
1889	11026
1890	11456
1891	11452
1892	11310
1893	11298
1894	11462
1895	11477
1896	11161
1897	11212
1898	11533
1899	11470
1900	11304
1901	11319
1902	11613
1903	11763
1904	11201
1905	11255
1906	11698
1907	11924
1908	11856
1909	11679
1910	11901
1911	11728
1912	11369
1913	11163
1914	11445
1915	11635
1916	11051
1917	11454
1918	11688
1919	12112
1920	11646
1921	11739
1922	11822
1923	11789
1924	11706
1925	11546
1926	12070
1927	11978
1928	11749
1929	11584
1930	12156
1931	12205
1932	11744
1933	11831
1934	11962
1935	12160
1936	11694
1937	11779
1938	12056
1939	12174
1940	11883
1941	10711
1942	10694
1943	10537
1944	10353
1945	10646
1946	10597
1947	10543
1948	10578
1949	10647
1950	10720
1951	11023
1952	10572
1953	10547
1954	10766
1955	10781
1956	10493
1957	10686
1958	10720
1959	10889
1960	10853
1961	10856
1962	10835
1963	10653
1964	11065
1965	10878
1966	11006
1967	11158
1968	10930
1969	10912
1970	10992
1971	11058
1972	11073
1973	10778
1974	11139
1975	10946
1976	10616
1977	10677
1978	10924
1979	11093
1980	10839
1981	10688
1982	11074
1983	11229
1984	10884
1985	11111
1986	11235
1987	11130
1988	10903
1989	11902
1990	11069
1991	11105
1992	10769
1993	10789
1994	11204
1995	10049
1996	10992
1997	10969
1998	11099
1999	11285
